0,1
2,3
4,5
6,7
8,9
10,9
11,12
13,14
13,15
16,17
18,16
19,20,21
22,23
22,24
25,26
27,28
29,30
31,32
33,34
35,36
37,38
39,37
40,41
42,43
44,45
44,46
47,48
49,50
51,52
53,54
55,56
57,58
59,60
38,7
41,61
62,63
64,65
66,7
67,68
67,69
70,38
71,72
73,74
75,30
2,7
45,44,46
58,76
77,76
78,76
79,80
81,82
10,8
13,15,14
83,57
84,29
85,30
86,87
61,28
88,89
90,91
92,27
92,41
10,9,8
51,93
94,2
95,68
40,61,41
51,93,52
84,43
96,66
97,98
27,61
60,99
17,30
75,100
96,7
42,100
101,102
11,103
33,30
41,40,104
105,106
107,108
33,100
40,61
40,92
92,28,27
109,110
111,112
40,41,92
52,93
17,113
84,43,42
40,28
57,77
17,34
75,29
114,115
70,116
75,85
84,34
90,42
96,47
117,49
118,119
29,30,85
34,33,17
40,28,92
47,113
49,60
81,120
92,61
94,116
96,48
100,121
113,33,17
116,121
122,123
124,125
2,66
6,7,38
18,115
29,85
29,91
42,91
48,38
47,121
75,7,6
75,108
80,126
84,108
84,113
91,38
96,2
121,34
127,2
127,116
128,43
129,116
130,102
2,38
6,48
10,131
58,132
64,16
84,107
96,107
104,41
113,38
113,115
114,64
6,43
75,7,66
75,6
84,128
114,65
10,17
64,3
72,97
75,2
84,2
84,91
94,30
94,64
114,6
120,133
128,94
134,89
6,17
10,38
27,28,61
28,104,27
66,91
84,42,90
84,91,42
106,12
113,34
114,30
135,136
2,43
6,17,94
14,15
65,100
65,115
75,7
84,42
84,91,107,66
116,34
137,138
2,48,43
23,24
33,34,113
47,18
84,85
84,100
94,17
139,136
140,136
2,48
22,1
40,141
43,48
79,101
84,85,100
84,100,108
92,27,41
92,61,27
92,104
107,66
104,28
114,34,33
142,135
142,139
22,143
47,66
47,91
67,144
79,80,101
108,100
114,34
141,27
145,146
147,148
8,38
22,101
84,47
84,66
100,91
102,130,101
107,47
149,146
150,74
1,150
6,94
24,74
29,100
41,151
84,37
84,66,128
86,56
101,1
143,24
152,27
152,61
152,101
153,101
1,61
23,104
23,154
84,66,107
108,91,18
128,91
130,1
152,1
152,151
8,131
23,27
23,61
22,140
24,1
24,73
84,91,66
84,100,29
91,107,66
101,80
140,101
38,131
52,155
79,61,80
95,156
108,61
138,157
146,139
143,73,24
143,130
152,150
158,68
158,156
159,52
159,160
27,61,9
24,41
52,130
70,131
76,161
95,162
108,102
128,141
140,6
146,163
143,74
143,108
159,93
164,69
165,119
165,160
23,153
27,9
24,80
74,9
80,61,166
84,6
130,69
130,101
139,163
144,167
143,73
156,68
159,24
159,69
6,37
6,66
10,168
72,124
73,41
73,102
108,101
124,169
166,61
170,165
171,169
0,141
6,47
72,169
108,92
124,172
124,173
143,74,73
174,169
172,169
175,176
177,178
179,54
6,47,107
6,66,107
49,60,59
51,92
53,169
57,76
70,10
83,77,57
117,180
124,54
124,179
170,74,73
181,182
183,184
180,60
6,107
49,59
62,98
71,60
71,173
71,185
74,54
98,125
108,124
162,26
170,73
170,74
175,186
181,178
31,57
45,46
57,175
71,169
117,59
138,187
152,170
170,150
176,76
175,32
173,63
178,76
184,188
186,182
185,63
189,124
190,155
191,178
49,74
57,157
57,176
59,192,60
60,9
83,157
83,178
97,193
117,124
137,83
194,77
195,60
31,178
53,74
97,9
103,89
137,196
170,72
186,196
189,173,124
197,89
198,199
200,192
201,59
31,182
31,194
97,60
104,67
134,111
175,202,178
173,60
195,184
203,204
205,188
206,207
49,201
104,74
134,88
176,161
178,202
186,77
186,161
208,178,175
209,132
210,211
11,12,103
19,20
46,112
47,3
17,91
70,131,10
88,197
134,46
140,168
201,160
201,155
212,213
214,212
215,216
217,218
4,219
6,3,107
70,8
78,76,17
86,110
103,197
182,60
184,201
190,74
208,202,178
215,89
215,103
220,221
222,204
223,217
11,112
45,224
49,205
55,120
78,17
82,123
105,5
103,106
108,26,124
117,162
122,15
124,26,173
134,103
134,112
140,205
184,198,201
189,26,173
198,160
215,225
223,218
226,15
227,112
228,36
4,12
4,225
4,229
16,76
55,15
58,161
81,55
84,3
112,89
134,197
147,199
175,58
201,190
205,168
208,178
208,202
228,230
229,106,5
231,67
232,15
232,82
233,182
234,10
5,219
4,89
4,88
4,197
19,46
41,166
81,235
87,236
86,236
108,237
138,221
175,178
182,177
184,205,201
201,160,198
201,160,205
231,74
238,82
239,240
4,89,112
9,241
10,120
46,211
57,161,176
58,77
81,15
81,226
88,215
182,132
184,205
201,168
205,160
208,32,175
228,35
229,106
242,231
243,36
244,81
245,246
57,161
77,133
81,122
88,112
88,212
120,131
140,201
208,32,178
209,221
216,227
226,232
228,247
229,12
238,235
44,105
81,109
162,97
170,192
178,32
178,132
186,161,58
201,205
205,198
208,175
215,5
243,147
243,148
248,106
249,228
4,112
44,250
56,161
98,194
108,56
175,32,178
229,103
248,21
250,225
4,111
13,14,133
19,9
44,241,225
74,155
140,205,201
175,202,32
208,32
211,76
210,46
212,15
228,251
238,252
13,133
20,21
20,248
23,170
44,225
128,56
189,173
187,76
206,253
228,254
225,241
20,223
78,76,221
97,192
133,14
186,132,58
249,255
31,98
220,76
228,256
31,157,83
78,220
83,257
108,3
108,37
132,58,161
187,83,157
1,192
2,1
19,223
107,3
117,193
258,12
2,192
31,58
32,76
37,56
78,221
107,64
134,218
137,177
157,76
182,76
184,98
201,257
208,58
259,117
31,161
31,187,83
57,182,176
58,194
83,176
140,257
157,76,177
157,178
176,202,182
175,182
181,64
211,89
240,260
11,229
12,261
31,157
58,221
83,58,57
83,161
83,187,58
140,257,205
157,187
175,161
182,221
186,187
191,177
220,132
221,76
11,197
77,161
83,202
98,173
76,132
134,211
191,182
258,261
262,228
184,160,198
2,100
117,228
37,100
103,218
134,12
141,1
154,141
184,247
247,74
184,160
201,168,205
84,91,29
200,72
234,120
255,72
43,2,100
140,168,201
154,1
184,148
141,156
154,27
205,257
13,263
49,173
140,257,201
153,27
186,177
23,1
23,49
184,120
254,148
264,9
23,50
67,198
98,60
49,72
154,153
108,91
6,108
13,265
221,202
228,199
263,133
133,265
168,147
70,131,8
127,94
195,173
266,133
23,173
244,263
195,124
6,64
72,173
120,234,10
243,198
195,72
195,189
208,177
8,131,38
29,43
29,100,2
246,56
263,205
86,246
9,131
140,257,264
189,72
99,172
140,264
264,168
128,29
140,201,264
168,264,201
267,268
92,269
244,56
244,246
127,3
23,270
244,133
271,268
272,268
140,264,257,205
264,201,257,205
93,167
84,7
201,257,205
84,75
108,7
264,205
264,257
273,22
6,7,108
69,167
75,100,2
274,74
23,80
52,274
84,29,75
264,257,205
23,79
75,43,2
84,7,29
154,79
167,155
244,275
267,276
276,268
71,22
185,273,22
270,1
270,80
22,185
93,69
167,159,93
71,169,124
124,169,172
274,74,53
1,22,154
22,1,23
75,43
22,154,23
88,258
244,120
22,154
124,99
268,267,276
6,2
39,94
51,269
159,167
264,201
22,270
47,91,2
205,264,201
24,54
104,179
272,135
24,179
67,54
120,265
135,277
231,179
71,195
136,277
145,277
71,169,195
75,37
51,269,92
55,133
49,255
52,119
55,56,133
52,269
133,56
75,7,94
181,186
231,24
69,159,93
72,159,93
75,94
140,205,264
72,80
84,94
246,133
1,0,22
71,189
189,169
246,56,133
272,145
272,277
0,278
72,79
72,278
0,278,1
72,79,80
154,270
71,169,189
135,145
140,168,264
145,136
264,201,168,205
104,24
140,168,264,201
159,269,51
272,277,135
94,37
266,14
0,270
93,269
51,269,93
22,24,23
24,22,154
71,171,189
181,175
271,135
23,24,22,154
51,93,269,92
171,189
271,145
23,24,154
135,277,136
189,169,71,171
71,171
108,2
108,43
0,1,270
125,74
154,24
93,92
6,91
71,98,97
98,71,171
6,91,47
71,97
171,169,189
71,98
169,71,171
236,237
75,91
22,28
236,56
171,73
180,169
279,135
280,136
75,7,91
171,143
264,257,201
7,84,91
184,198
91,7
184,171
281,228
254,207
207,204
282,274
49,169
120,82
183,169
184,96
270,126
23,126,270
25,282
62,74
81,283
92,118
189,169,188
274,119
274,118
6,96
23,73
22,126
84,38
84,48
183,171
189,188
188,169
283,120
23,126
82,133
204,213
280,136,135
1,126
43,7
184,198,171
280,277
283,133
25,119,274
70,38,82
142,256
236,65
283,133,55
283,266
81,133
147,284
148,204
171,198
280,135
29,115
71,145
114,236
153,126
25,274
127,70
183,189
236,29
280,131
127,38
205,98
205,168,201,257
65,82
236,285
37,18
39,47
39,96
81,265
140,286
201,286
39,18
71,142
81,236
82,56
148,213
189,173,188
39,2
50,185
101,125
154,102
244,236
262,49
82,265
130,125
231,104
262,204
35,207
108,48
272,284
2,91
65,67
75,107
107,18
107,91
130,74
171,228
228,198
264,37
274,119,118
281,148
49,185
71,155,169
18,173
23,102
71,155,195
73,126
75,91,108
49,185,50
49,204,50
71,155
184,228
263,265
49,204
64,130
114,152
127,38,70
152,287
283,263
244,133,82
262,204,207
67,99
71,169,173
175,221
0,126
71,173,195
83,175
189,172
262,214
81,18
125,172
170,167
173,169
186,178
188,172
22,72
56,91
81,91
81,107
152,80,72
177,32
183,172
183,228
58,178
78,132
107,56
133,244,55
18,98
58,202
67,160
78,209
83,58
110,133
109,246
152,143
18,91,56
49,214
58,91
98,56
125,198
143,79
175,177,176
177,91
177,132
182,161
181,178,182
282,119
18,32
18,56
18,91
18,220
60,56
77,161,76
77,178
83,220,57
83,221,220
109,80
184,174
184,172
203,148
55,82
57,186
58,98
83,78
83,221,57
172,184,99
176,18
182,123
184,172,189
236,77
236,220
288,76
31,220
32,132
57,220
78,157
78,288
81,186
83,76,78
92,161
208,176
60,155
81,120,186
81,161,186
97,187
175,107,178,18
184,92
208,178,107
208,181
220,187
20,4
60,169
71,60,195
78,18
78,120
97,172,98
107,178
149,289
157,220
171,220
176,186
184,99
244,191
271,284
57,76,176
83,220
98,172
101,258
103,149
274,269
44,219
49,35
83,220,18
87,56,246
106,112
228,198,130
22,166
71,67
101,166
138,18
251,35
27,166
67,60
229,224
75,7,108
127,176,70
137,261,18
171,174
189,97
20,18
20,261
97,172
107,202
137,196,18
137,261,196
138,196,18
153,166
171,172
184,255
210,206
255,125
255,198
290,291
149,216
184,189
214,256
20,261,18
98,174
97,125,98
104,166
137,18,138
149,206
215,112
105,280
112,284
137,18
138,219,18
149,292
214,247
231,18
293,74
18,219
294,225
18,261
20,138
21,106
67,190
5,106
214,16
238,285
235,285
137,196,138
137,138,196,18
176,219
210,167
18,285
20,219
238,219
97,174
138,219
184,214
219,261
244,266
137,219
137,261
238,18
44,20
62,125
138,196
138,235
238,196
238,196,235
238,285,196
138,196,235
44,138
18,196
143,293
295,207
295,212,230
295,212
48,7
43,7,48
2,43,7,48
40,214
25,52
243,296
20,258
44,258
196,219
295,49
295,247
262,147
25,119
212,207
230,212
148,38
74,62,125
44,12
84,7,75
84,7,100
75,7,29
118,269
108,29
29,7
84,94,75
84,7,94
263,266
230,207
53,125
22,104,23
154,104
214,41
23,24,104
22,24,104
176,58
23,104,154
87,56
87,246
295,230
87,285
195,67
214,293
238,87
37,76
22,61
22,154,72,24
154,28
23,72,24
72,28
282,52
154,72
52,118
134,45
152,293
209,187
23,72
236,18
86,285
258,219
87,285,56
86,285,87
238,56
86,87,285,56
58,220
86,285,56
93,118
186,82
82,161
55,14
55,123,82
223,211
227,211
223,227
39,209,37
84,221
87,56,232
87,285,232
55,123
211,34
232,285,56
62,53
133,123
263,232
138,258
157,187,34
200,67
250,258
16,232
206,253,37
250,36
250,163
36,212
206,250
218,250,112
154,61
218,112
164,68
250,241
108,91,177
139,241
86,66
282,154
22,92
154,25,282
25,154
108,177
146,250
232,133
139,250
215,218
22,104
217,227
72,166
201,74
86,175,178,107
86,178
175,178,107
72,22,154
154,166,72
154,61,166
262,264
23,166,154
56,285
86,107
23,166
247,256
78,58
166,28
189,59
297,112
58,209
86,178,107
100,177
159,118
218,227
223,218,217
4,112,297
75,177
159,269
107,202,178
176,14,123
297,4,215
22,166,23
86,178,175
112,4,215
124,98
176,14
176,123
4,215
267,146,268
267,163,268
19,217
28,153,166
49,206
52,59
61,153,166
176,123,82
259,59
267,268,163,146
276,146,268
4,297
19,218,217
86,175
97,124
153,61
176,82
175,26
175,107
178,74
19,217,227,218
19,223,218,217
22,153
72,61,153,166
123,14
176,14,82
24,151
72,61,166
72,166,153
153,28
217,227,218
223,227,217
19,218
24,153
51,160
90,178
107,186
215,112,297
82,176,14,123
49,179
227,131
175,202,107
245,56
267,276,268,163,146
4,112,227
4,227,297
154,166
175,107,202,178
179,185
276,268,163,146
44,261
90,100
183,293
268,146
267,146
4,215,112,297
22,61,23
222,212
267,163,291
18,85
104,61
291,163,146
75,66
94,7
165,193
186,123
225,265
227,165
282,118
66,177
90,177
267,201
104,61,166
184,50
184,179
227,74
264,268
268,291
267,163
273,193
291,163
74,28
83,196
134,225
137,258
165,118
267,201,163,146
75,85,100
134,229
154,74
175,202
266,275
72,61
94,66
100,85
124,172,193
171,179
174,172
186,266
264,268,276
286,168
295,206
24,72
77,265
83,255
83,266
124,193
140,168,286
184,49
184,179,171
193,172
234,18
276,291,268
279,140
279,268
286,291
293,230
298,18
60,160
72,166,41
87,260
90,75
95,165
140,264,168,286
140,298
172,124,98
227,261
267,163,201
274,165
279,268,276
299,18
20,12
20,219,258
22,40
40,72
83,196,138
120,77
120,288
279,10
279,276
295,255
4,204
20,261,219
37,72
74,166
95,118
95,274
140,286,264
217,112
229,215
282,95
299,287
4,218
20,261,44
78,77
83,138
94,34,30
157,196
217,297
231,54
247,213
264,168,286
287,163
287,168
4,217
10,276
29,2
34,39,2
49,172
52,170
60,241
94,3
94,48
108,34,2
140,264,168,300
156,160
171,59
234,291
268,155
286,287
299,300
3,94,2
30,34
37,34
71,204
94,3,48
112,134,218
184,59,171
189,59,171
228,214
257,145
267,160
267,163,146
287,160
300,287
52,165
85,34,30
87,72
113,116
125,192
134,217
144,68
153,74
214,254
218,297
229,225
231,184
234,268
234,279
264,286
267,67
273,188
279,146
286,163
298,257
298,287
10,67
11,225
20,156
19,227
23,92
29,34
49,99
53,185
60,50
72,60
71,232
95,93
108,178
142,268
168,163
175,108
184,59
180,188
195,169
195,178
210,225
229,89
273,180
279,264
287,201,257
291,234,145
298,287,257
4,112,218
29,34,85
29,85,100
62,172
89,225
107,178,108
134,225,11
140,300
175,108,107
173,99
205,298
228,204
249,51
264,139
276,146
279,286
299,268
29,34,100
72,98
71,49
71,59
83,76
95,52
106,211
140,142
142,145
154,74,150
184,50,59
195,97
197,258
205,300
234,267
249,107,175
291,234,10
300,139
49,200
51,160,52
60,172,99
74,28,61
97,179
134,241
154,92
154,150
173,179
184,172,60
217,112,218
270,101
297,211
299,145
2,3,48
2,121
10,146
22,270,130
24,79
72,99
71,169,49
71,172
97,172,60
100,30,85
134,210,225
142,286
146,163,139
205,268
232,123
249,247
267,145
274,158
281,247
301,107
20,216
37,121
62,60,98
79,102,101
98,174,60
100,34,30
101,27
101,102,80
105,223
107,202,108
130,80
130,126
134,89,229
151,74
154,130
168,136
245,285
279,205
301,108,107
301,187,107
0,24
0,74
0,79
0,151
4,112,217
10,284
10,291
29,34,30
48,3
47,84,6
67,158
82,14
101,126
107,178,187
107,187,108
124,60
135,291
176,182
195,200
206,255
211,224
221,77
221,161
281,249
291,277
301,202
4,217,112,218
22,80
39,121,37
71,72,189
83,107
100,34
134,210
159,119
262,35
262,36
264,277
272,168
272,286,140
273,169
284,277
301,83
301,108
302,264
19,106
79,126
81,105
83,107,175
98,99
106,227
107,177
109,236
160,119
189,303
197,219
214,12
248,36
249,12
290,284
297,224
301,132
73,28
108,187
117,184
262,36,35
282,26
284,272,300
36,12
83,186
103,216
107,37
130,28
153,130
1,74
4,89,218
20,112
22,130
154,126
220,288
253,207
272,300
293,207
11,241
20,217
71,124
107,12
171,124
190,144
195,193
304,136
20,112,218
20,225
140,304
143,61
171,124,72
192,63
223,106
238,110
280,36
299,284
300,304
5,228
19,261
71,124,72
103,258
109,236,245
109,285
120,56,133
140,286,142
189,60
237,133
237,252
280,228
281,280
297,250
298,304
305,219
20,112,4
20,217,4
22,74
72,71,171
109,133
134,112,4
146,277
236,133
244,240
249,254
302,142
20,112,217
20,218,4
36,204
45,218
98,63
134,218,4
240,275
257,287
268,139
279,139
294,241
5,254
300,290
20,218,217
149,168
229,4,134,89
280,168
280,268
20,217,112,218
174,63
234,131
46,294
134,89,4
134,225,4
129,43
129,121
97,63
149,8
21,89
129,43,121
146,168
210,112
217,248
217,225
47,2
90,29
72,172
114,34,30
134,5
283,122
273,195
5,111
221,132
260,237
72,63
205,304
62,192
134,21
134,248
244,275,266
21,225
35,204
98,63,174
45,225
248,89
110,235
46,248
82,15
11,46
11,89
134,11
210,21
1,278
92,270
210,89
152,24
196,178
291,136
130,166
62,60
46,89
1,278,74
46,225
274,67
292,8
92,74
168,8
270,74
134,89,248
298,268
134,248,89,21
210,248
144,155
208,186
152,74
85,91
95,68,67
11,218
11,217
52,269,93
283,82
114,37
215,111
140,291
218,241
176,191
218,225
218,241,225
280,146
222,213
78,76,77
20,111
189,174
85,34
114,85
301,57
114,30,85
217,241
84,30
93,160
84,34,29
64,113
6,3
84,30,29
64,38
127,113
33,116
70,64,38,113
64,17
65,17
70,17
51,269,52
127,113,70
39,121
65,64,113,17
65,113
64,113,17
107,7
127,18
18,16,64
75,7,107,66
108,7,66
127,70,16,18
7,107,66
18,64
75,66,107
102,27
127,16,18
127,16,70
18,17
65,113,17
108,66
64,116
75,7,107
157,202
64,115
102,166
71,172,72
64,115,116
257,284
116,115
127,16
114,29
291,146
84,100,114
84,114,34,29
100,30
272,299
6,48,47
300,291
302,286
39,6
42,94
76,78,58
90,114
114,34,29
142,168
6,48,90,43
30,91
37,2
84,39
264,291
272,257
18,116,16
66,48
137,157
140,168,142
176,182,191
201,287
290,131
300,277
302,304
306,290
113,115,17,116
205,145
205,287
234,290
234,292
264,306
279,287
286,306
10,131,8
66,38
140,304,168
142,290
149,280
205,287,298
232,14
269,160
272,168,142
272,291
272,304,168
279,298,205
289,292
42,75
201,145
267,142,140
279,136
279,299
298,136
298,145
128,96
146,163,284
183,180
201,139,287
205,163
267,142
271,300
279,257,205
279,304
70,7
128,108
140,168,205
142,163
201,139
201,280
264,8
267,286
271,287
279,300
286,268
300,304,287
300,304,298
33,64
47,43
128,75
267,146,298
267,287,298
17,115,113
117,99
299,286
65,115,113
145,304
65,116
264,139,289
299,131
131,136
289,139
280,8
289,131
201,290
205,136
289,268
142,280
217,225,218
271,304
284,163
271,136,304
279,271
302,168
271,277
17,115
279,277
286,146
299,201
267,142,146,286
299,290
267,205,146,286
267,286,142,205
279,304,271
205,146
286,142,205
142,205
205,286
299,291
267,302
279,302
291,299,201
201,291
302,140
45,241
117,59,49
300,145
52,160
117,59,184
10,136
234,168
141,151
254,204
210,45
42,96
290,299,201
234,136
234,205
278,126
234,304
18,116
51,52,119,160
293,198
134,20
0,80
1,102
74,278
80,1
0,154
79,102
23,41
23,152
40,130
51,52,269,93
79,74
154,101
74,61
153,61,79
79,61
152,166
101,61
102,74
283,265
23,130
74,27
64,115,17
74,150,102
80,166
154,74,102
101,74
143,74,154
166,126,61
152,102
152,154
22,151
0,152
23,151
302,290
170,155
140,136,286
234,201
45,89
234,264
80,102
134,225,89
171,303
210,217
16,116
33,65
33,18
115,64,113
271,136
17,116
300,136
11,248
17,116,113
96,108
59,192
205,10
10,268
29,91,100
37,91,100
37,129
90,37
90,129
136,145,304
30,3
39,129
85,3
6,100
217,241,218
276,145
279,145
249,204
176,178
6,29
6,30
33,116,18
43,3
90,91,129
176,77,182
176,187
175,77
182,161,77
49,50,59
75,94,6
75,108,94
94,113
121,3
171,72
177,161
201,10
299,10
72,174
71,273
83,220,58
83,301,57
84,29,108
84,38,29
84,17
90,115
108,121
121,38
127,30
129,121,116
157,58
171,173
175,186,176
16,115
57,58,157
58,187
71,174,72
81,56,246
83,187
108,247
107,77
109,245
127,186
157,220,58
177,76
245,87
247,3
301,133
301,177
29,42,75
33,115
87,246,285,56
94,85
100,209
107,178,77
116,56
127,17
137,100
301,175
16,121
18,121
33,113
40,74
60,172
72,193
84,75,90
90,75,42
94,121
127,64
180,179
208,34
275,15
3,202
33,115,113
59,169
60,52,173
87,285,246
117,172
127,176
171,17
208,301,175
285,107,178
58,34
59,72
59,124
122,275
127,161,77
184,60
233,191
286,304
30,66
32,301,175
33,115,64
58,161,77
60,126
70,60
84,29,42,75
84,90,29,75
114,34,113
114,201
115,34
180,185
274,167
52,245
70,38,60
84,90,29,42,75
94,132
95,67
107,113
114,33,65,64
127,58,161,77
129,116,113
159,274
164,274
183,188
274,170
288,265
301,32
86,120
127,161,58
159,67
178,38
240,32
244,58
255,293
32,301,240
52,68
52,200
51,67
60,172,192
72,169,99
84,90
120,74
157,132
161,244,77
164,119
240,120
252,265
48,96,47
51,184
81,275
127,161,244,77
177,202,91
182,202
227,219
296,247
301,178
3,96,47
86,120,240
127,58,161,244,77
142,145,286
171,120
206,230
206,247
239,86
249,206
274,93
301,240
55,38,133
96,3
100,221,209
164,167
186,106
206,35
206,204,36
228,293
244,161,58
246,285,56
255,254
268,304
286,145
293,204,36
58,161,244,77
70,38,133
100,221
164,193
170,17
198,307
249,35
255,35
255,36
72,174,124
159,93,274
195,184,60,200
206,293
219,12
268,136
275,82
296,147
52,34
70,55,38,133
75,30,29
84,29,42
90,30,75
107,124
184,169
184,200
216,8
245,237
275,252
295,222
295,296
55,38
99,169
100,220,209
123,15
132,83,157
141,101
170,68,167
195,49
206,296
219,261,12
295,198
75,84,30,29
83,38
100,220
159,170
170,68
186,275
206,147
244,161
253,147
295,147
42,75,30,29
44,297
107,99,124
107,169,124
117,60,49
142,304,286
227,261,219
102,61
108,169,124
157,38
293,212
66,3
72,102
75,91,29
94,87
108,169
108,174
182,308
221,100,220
227,219,258
279,136,304
279,304,276
49,167
55,285,87
70,58
75,29,84,91,30
86,240
88,103
108,169,99
200,60
206,213
259,195
260,85
276,304
84,30,75
84,91,75
108,99
133,187
159,167,49
222,255
226,285,87
233,39
258,12,219
267,304
42,75,91,29
44,219,258
83,132,187
116,3
187,38
279,142
304,142,268
83,157,132,187
96,116
129,3,116
142,136,145
142,136,304
157,133
233,37
78,220,100
133,83,157
295,207,293
58,38
159,49
295,293
108,99,124
107,15
120,252
127,115
198,213
233,177,182
243,293
16,114,18
33,94
121,114,18
142,304
148,207
209,220
275,56
87,265
106,12,219
104,270
157,132,187
228,309
244,186
246,265
266,252
29,91,30
77,38
83,132
186,120
208,301,178
226,87,285,56
226,133
295,243
295,253
6,38,70
38,127,6
106,12,258
107,123,232
120,161
157,182
187,83,77
226,285
245,265
263,107
57,132
58,187,77
73,166
83,161,58
106,258
130,61
152,166,143
176,177
182,77
226,56,133
226,285,133
227,258
228,310
281,310
1,219
44,270
107,108,245
107,123
114,17
124,169,99
133,285
143,166
227,12
232,14,123
61,130,101
84,100,90
87,285,133
114,17,64
124,174
143,27
199,309
204,309
240,133
42,91,100
84,100,42
94,129
96,43
159,49,167,185
182,178
222,230
301,187
37,30
37,116
100,116
114,65,64
17,121
75,116
107,245
120,275
245,133
37,113
17,121,113
139,304
295,213
55,226
55,245
75,121
108,246
226,56,87
293,213
55,285,226
66,7,38
244,275,81
255,213
82,285
108,82
55,285,56
70,113
152,28
226,87
245,285,87
238,235,87
246,285
81,133,109
84,108,107
108,113
107,121,108
252,133
109,56,133
192,169
124,192
253,293
263,311
278,27
232,311
86,246,87
30,38
302,145
228,204,203
18,17,16
143,150
10,286
39,34
228,203
271,168
183,62
140,205,10
205,291
89,46,248
16,121,17
33,75
127,85
142,10
10,291,286
20,46
11,112,111
5,241
113,121
11,111
140,10
11,241,112
114,16
111,241
20,215
20,218
142,291
20,11
140,291,286
221,288
29,116
302,136
58,132,221
18,100
22,278
43,177
52,312
88,21
94,100
102,278
125,60
142,313
143,113
192,99
225,258
229,297
231,53
273,72
287,314
298,314
315,9
39,38
107,94
136,163
277,163
316,124
10,315
16,113,17
99,63
157,177
297,241
317,278
105,248
233,175
276,304,268
279,9
108,65
140,286,300
267,315
280,168,268
79,278
143,101
295,228
75,30,100
142,306
317,101
4,216
228,207
317,154
94,70
113,30
317,102
5,12
162,318
105,215
17,30,85
184,63
237,285
62,99
0,317
247,293
289,146
258,241
308,161
94,38
17,85
191,77
140,313
223,258
184,63,174
5,216
268,287
188,192
19,103
4,227
19,241
271,163
4,105
268,9
310,213
184,316
280,304
203,293
90,108
231,185
183,273
105,216
5,261
263,252
188,99,192
226,82
10,292
49,62
124,60,125
274,69
18,30
188,63
20,241
177,187
289,168
25,156
264,291,286
293,199
20,45
21,241
88,241
317,1
127,129
223,241
194,32
16,85
146,136
271,286
216,261
4,261
255,309
122,14
201,300
109,87
105,241
25,318
49,192
59,99
20,103
52,158
51,118
59,174
71,180
170,158
201,163
201,291,290
273,171
10,145
184,72
184,173
192,174
201,163,146
201,268
201,276
42,30
145,8
273,319
9,163
49,164
49,174
59,172
60,192
71,174
86,245
140,284
234,8
268,304,168
286,168,315
292,9
292,234,10
295,148
20,297
25,174
60,63
105,227
111,227
170,174
173,189,201
206,168,286
228,296
234,149
246,237
269,174
280,293
286,9
296,207
315,168
19,20,297
81,252
98,192
105,297
111,248
111,261
216,241,111
286,204
291,173
292,168
300,284
305,261
5,112
19,297
111,225
140,168,292
144,169
216,241
225,261
248,112
248,241
281,254
296,250
13,123
49,69
53,63
142,254
146,147
147,163
149,292,206
183,60
210,44
215,112,216
250,147
268,318
274,60
286,254
296,284
297,261
45,217
106,250
106,284
105,296
140,254
146,163,147
146,241
149,292,216
162,173
174,119
189,201
193,99
206,168
267,205
267,292
271,254
274,53
274,63
295,268
296,112
296,146
19,261,297
60,119
146,284
179,63
184,268
189,173,291
231,274
251,247
264,287
267,257
267,287
267,314
274,179
289,205
295,245
10,240
19,248
15,309
71,169,174
140,168,298
145,36
149,284
205,168,298
206,198
234,260
274,54
289,216
297,248
297,258
25,15
47,3,48
17,37,30,113
105,292
130,60
146,284,250
149,297
154,151
171,15
201,106,292
206,228
262,222
6,70
44,146
44,163
70,121
87,275
118,60
140,264,168,205
143,1
170,313
195,117
201,292
244,109
255,314
267,255
292,106
18,48,43
23,317
22,143,152
22,317
25,252
84,96
105,106,292
171,68
189,173,162
218,248
244,275,109
320,151
5,166
5,252
55,241
62,119
65,16
75,47
113,48
127,39
149,218
152,151,143
201,268,276
244,275,236
320,1
23,143
22,27
22,102
49,93
17,43
61,126
81,166
107,38
151,126
174,61
183,60,62
183,119
215,111,5
218,146
264,168,205
268,106
268,201,292
275,109,236
5,15
49,185,93
71,174,195
103,313
108,38
117,15
151,156
215,166
276,106,268
292,106,268
18,127,37
20,261,258
23,79,126,61
37,3
82,121
142,124
146,304
177,178,187
208,178,187
222,251
291,304
317,124
22,126,23,49
22,126,79
52,60
61,79,102
72,9
111,252
123,265
127,30,18
150,28
174,71,171
195,174
218,92
252,166
254,256
286,148
6,43,96
23,93
37,182
52,174,71,171
65,113,64
72,193,79
79,61,193
84,48,43
101,252
109,275
127,100
152,170,143
154,124
198,206,255
220,182
236,275
262,199
271,291
295,198,255
295,262
22,93,23
30,148
37,187
49,148
75,38,107
75,94,107
81,30
102,126
101,60
109,275,30
130,193
157,100
189,169,173
215,166,111
264,168,280
295,198,206,255
23,69
22,174
38,107,94
71,174,52
124,178
140,145
183,101
193,61
227,284
311,85
20,261,12
22,174,52
37,177
71,174,22
71,195,22
75,3
143,170
171,320
218,12
220,177
222,206
236,30
274,24
274,63,179
20,12,258
22,174,195
52,174
55,123,133
72,61,79
117,216
140,145,205
198,207
255,207
267,271
37,182,220
65,115,64
195,52
216,102
236,275,30
292,106,276
19,258
23,241
22,52
30,109,236
71,52,195
109,275,252,30
111,102
171,1
189,162
292,268
305,12
20,19,12
22,1,320
37,166
42,177
72,79,61,193
88,313
154,260
171,0,22
275,252,30
280,271
291,168
0,1,320
0,22,320,171
5,37
10,9,112
93,174
289,116
0,22,1,171
19,12
23,95
140,145,264
152,93,143
195,95
274,26
280,168,271
297,225
0,1,171
44,160
96,113
103,248
109,252,275
112,9
195,274
201,168,280
201,321
226,29
297,12,227
12,20,297
51,101
75,96
84,43,96
124,169,174
144,151
143,188
173,174
201,136
226,64
248,225
0,171
22,171
71,185,195
86,260
122,220
152,188,143
234,9
312,119
0,22
5,225
22,320
30,275
42,47,75
44,92
84,3,43
94,29
94,226
109,252
117,274
127,29
127,47
280,146,271
294,225,297
311,220
317,320
84,43,3,48
104,102
111,12
142,126
215,12
274,73
294,297
6,38
21,258
29,3
44,248
70,108
73,150
88,261
184,130
189,49
215,258
233,187
264,145
19,105
29,42,75,47
63,172
70,65
71,49,117
84,3,48
92,73
92,151
121,43
150,102
168,304
182,187
252,109,236
255,204
289,37
0,102,320
19,292
52,144
65,121
71,185,49
73,270
92,102
193,126
268,8
317,150
19,229
29,42,47
52,167
71,185,117
112,315
117,173
127,120
164,79
0,320
44,217
104,101
201,304
217,261,225
248,12
275,166
0,101
5,227
19,88
30,252
44,5
98,193
102,28,166
127,82
152,154,143
173,193
233,100
236,252
270,79
292,12
292,248
320,270
5,258
19,5
22,73
42,47
73,79
81,127
102,28
105,225,248
105,248,218
110,87
117,192
174,124,98
248,241,225
261,241
286,315
292,261
298,145,257
28,73,102
154,28,166
270,61
273,193,195
298,304,257
20,292
19,261,20
44,261,258
49,98
67,156
88,5
117,173,59
142,178,286
141,41
178,9
208,286
233,60
234,311
250,284
264,304
270,28
292,111
294,241,225
297,241,225
320,28
0,28
19,20,105
19,216
37,65
43,3,48
59,173
94,56
98,169,173
216,292
268,163
286,178
0,61
0,154,22
13,55
19,20,111
39,100
42,29
84,121
97,172,124
115,121
127,37
183,180,117
211,250
233,182,286
257,268
267,287,201
321,304
3,38
13,87
13,133,55
20,19,106
19,106,105
37,115
97,172,124,98
100,42,47
100,115
108,285,56
107,285,108
117,60
149,257
154,320
175,9
173,54
184,124
215,261
223,292
234,112
236,240
240,252
259,60
292,217
49,180
71,189,195
87,266
127,65
171,180
217,248,218
231,171
234,257
234,276
289,227
320,130
65,121,64
127,107
257,290
271,257
292,241
292,297
300,257
20,88
29,75,47
37,38,3
37,43
94,65
116,178
117,125
127,7
3,39,107
10,163
20,5
40,154
65,85
64,30
107,29
127,66
279,149
289,227,216
23,22,322,24
65,30,85
121,65,30
215,261,112
322,126
12,112,258
23,322
22,322
30,121
47,29
64,30,65
107,65
150,166
234,286,142
0,130
22,322,24
64,121,30
215,241
215,248
29,121
29,177
57,178
94,47
94,177
126,28
134,215
134,258
217,241,258
322,166
0,1,130
84,107,3,48
84,107,48,43
85,121,65,30
103,241
104,322,24
217,211
20,112,111
42,47,94
85,121
88,211
112,12
168,9
218,258
217,258
248,250
313,248
0,166
19,106,216
19,227,248
22,126,23
84,48,107
103,112
104,322
217,258,218
292,146
294,225,250
22,322,23
103,227
107,3,48
217,12
248,227
292,287
317,130
37,64,18
65,16,18
107,48,43
215,112,5
216,106
16,30
44,215
64,29
121,177
134,250
19,258,248
42,6
107,43
134,258,248
5,258,112
42,108
84,47,42
111,258
233,177
215,258,5
5,258,111
229,112
20,12,112
103,211
227,261,12
19,215
20,105
134,4
105,103
175,177
4,106
248,261
20,106
182,178,177
10,298
106,12,227
170,190
73,151
175,157
262,293
208,233
220,178
140,286,313
251,293
233,178
58,178,77
157,77
138,178
176,157
58,308
137,182
137,233
205,284
78,161
137,308
176,308
176,32
22,152
191,161
72,192
231,54,53
72,172,97
272,271
170,144
205,290
230,213
62,124
130,278
280,9
81,311
47,7
124,63
322,102
244,86
272,136
97,63,98
142,277
272,146
183,99
158,160
17,64,16
127,43
129,7
47,116
90,91,42
64,129
96,91
65,129,64
91,3
42,113
47,48,17
47,17
96,3,91
17,48
70,48
70,47
6,17,70
6,47,70
25,162
47,100
100,3
29,17
47,48,91
10,304
25,144
144,118
152,322
13,237
62,174
238,285,87,235
235,56
122,133
129,3
130,166,102
260,133
272,140
311,14
320,92
322,61
39,17
140,271
238,260
322,79
142,284
173,185
183,71
264,284
272,142
280,168,10
289,277
101,27,102
171,49
292,298
311,123
10,168,292
153,102
171,173,49
13,15,94
44,211
264,149
268,314
125,63
234,280
272,304
294,112
294,248
298,276
49,173,72
49,188
94,15
263,129
286,158
298,268,276
80,125
79,126,61
118,160
188,125
232,101,311
234,313
19,44
45,223
72,126
191,76
292,112
44,223
134,105
134,292
142,9
244,15
313,9
41,161
72,126,79
134,9
142,298
279,314
301,49
308,32
225,12
292,218
20,12,225
80,60
184,76
215,305
275,265
137,76
215,287
11,60
10,60
227,9
264,184
13,275
97,200
20,196
183,97
97,98,200
183,98
316,98
183,192
161,132
248,66
98,108,316
59,97
108,98
107,108,173,124
75,200
107,173,108
52,67
189,316
37,7
316,173
94,108
127,161,186
184,18
127,161
196,160
221,308
160,261
100,66
221,76,308
97,173
195,10
301,161
301,186
195,312
124,173,316
195,174,312
100,43
189,173,316
195,174,52
301,127
301,161,186
161,301,127
186,301,127
312,174
301,127,161,186
308,76
130,27
129,91
20,258,261,12
22,170
184,196,18
195,53
137,18,184
234,195
22,27,23
97,173,124
319,173
258,160
51,119
137,184
52,92
258,261,12
319,98
124,160
39,115,37
173,172
180,173
189,173,59
322,27
81,82,186
127,186,81
301,81
71,73
71,266
92,312
127,186,161,82
186,161,82
81,161
82,301,127
127,82,186
127,301,81
81,127,301,186
266,200
71,319
301,82
263,275
81,186,161,82
127,81,82,186
71,200
127,81,186,161,82
154,278
263,122
71,99
184,319
301,82,186
301,186,81
71,54
71,179
180,54
235,232
263,311,232
81,161,275
161,186,275
248,92
316,169,124
71,188
152,248
238,235,232
238,311,232
263,238
223,248
263,232,311,235
322,163
232,238,263
235,311,232
98,169
238,311,235
263,238,235,232
291,179
231,173
238,232,311,235
127,275,186
171,87
275,161
319,188
71,99,173
238,232
107,285,56
97,98,124
125,99
125,173
238,311
301,275
71,184
108,285
235,311
84,87
84,285
108,316
195,171
263,110
108,173,316
43,91
124,169,173
127,91
263,238,311,235
283,110
71,125
71,184,195
84,193
91,48
93,304
195,172
235,263,238
322,193
127,275
232,263,238,110
259,189
266,237
71,316
81,275,186
82,99
124,38
170,26
55,275
71,193
127,14,123
263,235,232
283,236
316,174
20,56
20,246
127,123
93,145
110,122
127,14
205,322
259,193
263,235
274,312
275,14
71,259
127,55
156,63
189,99
320,322
55,161
127,133,14,123
133,176,14,123
263,236
283,238
20,87
235,122
283,235,263
127,123,133
127,123,176
133,14,123
303,322
171,257
208,301
257,98
270,166
301,323
82,186,275
184,30
20,72
81,161,186,275
127,176,123,133
257,14
323,132
20,72,87
20,246,72
20,285
47,37
72,56,246
87,56,72
182,265
220,30
237,177
257,291
260,177
10,305
24,166
55,186
72,56
80,118
122,311
178,301,175
235,238,110
263,110,238
41,22,61,166
58,30
88,106
127,133
157,221,220
205,291,257
235,265
301,178,107
311,265
86,38,240
157,221
175,132
239,177
301,32,178
22,61,166
41,61,166
81,275,55
107,76
127,176,14,123
260,265
266,122
303,322,163,146
22,41
322,146
94,91
107,48
107,80
110,232
144,177
275,133
13,82
48,107,80
55,260
76,169
86,81
86,265
129,133
186,15
186,193
232,266
240,265
240,266
37,87
55,240
72,48,80
81,260
239,260
291,133
80,48
222,274
274,162
281,309
108,80
127,291
140,9
206,199
206,204
324,123
55,266
81,232
129,178
140,315
206,204,207
232,275
244,232
13,311
262,206
236,48
247,212
263,15
266,265
109,236,48,80
266,15,133
13,15,133
109,48,80
305,12,258
324,232
95,199
256,212
266,15
13,133,311
71,80
81,171
109,48
133,15
245,260
245,275
86,252
222,150
236,48,80
255,230
86,232
260,275
274,144
282,213
282,230
296,148
48,166
262,148
272,112
275,123
305,258
48,61,166
262,296
305,148
160,148
198,148
263,245
55,133,245
144,36
159,93,164
262,147,296
147,241
27,126
107,12,108
107,12,258
137,108
108,305
51,312
107,258
196,198
262,61
51,312,52
262,322
108,258,305
107,261
267,9
262,256
9,140,315
296,36
147,36
137,148
3,7
296,148,36
308,132
36,148
218,106
296,148,147
66,315
115,32
32,3
272,217
145,163,146
29,221
66,161
157,66
100,308
176,127,57
227,225
127,57
175,115
37,157
304,277
100,76
39,157
186,58
47,129
143,320
37,66
58,132,308
138,37
208,175,301,178
208,177,175
112,66,315
138,66
175,178,177
75,203
295,20
18,66
90,18
18,66,112
100,161
100,161,221
103,9
152,320
78,100
78,107
42,182
253,160
42,315
262,207
112,66
207,262,206,255
255,204,207
100,315
108,76
255,213,204
255,213,207
29,66
207,213
262,213
107,161
302,309
255,213,230
112,9,315
127,186,94
256,213
253,254
129,3,66
115,178,32
175,178,115
115,301,175
129,66
203,198
254,213
19,106,88
111,9
130,199
138,160
228,130
253,213
75,129
111,315
228,199,130
29,34,129
29,129
115,178
111,9,112
114,129,29
145,163
301,178,115
114,129
301,115
227,241
175,32,115
114,29,34,17
17,129
114,34,17
114,17,29
255,203
10,112
29,17,34,129
203,207
234,9,315
267,40
10,9,315
272,267
20,299
149,304
218,163
234,315
149,145
205,161
218,304
301,115,178,32
301,175,178,32
127,77
301,32,115
18,198
234,9,112
272,304,145
299,298
10,111
33,17
176,77
127,161,176,77
255,204,203
17,34,129
107,76,108
114,129,17
228,325
313,298
161,176,77
262,325
298,306
325,199
29,48
40,211
92,322
107,115
152,320,143
218,322
272,303
42,48,29
254,212
286,224
36,213
201,271
224,241
33,17,65
127,77,176
201,156
228,253
272,201
299,306
42,48
65,129,33,17
149,286
215,224
267,140
302,297
305,224
299,304
65,34,17
142,304,299
149,89
149,241
247,148
33,34,65
33,129
89,241
208,202,175
114,17,65
148,147,36
175,187
306,304
176,177,182
184,180
180,319
203,212
286,211
280,319
316,60
325,204
108,91,100
114,33
127,75
137,157,138
184,60,49
184,60,200
191,161,77
222,212,325
286,241
299,142
198,204
206,293,228
222,212,255
227,89
234,257,205
247,212,325
33,17,34,113
38,70,176
111,89,112
114,100
114,113
222,325,247
227,250
289,218
298,286
33,85
42,108,48,29
44,60
90,108,42
107,129
149,10
198,213,204
234,10,9,315
247,325
267,168
272,149
313,9,315
70,34
94,38,70
205,287,257
216,218
281,213
295,242
97,169,98
97,316
106,89
108,48,29
114,113,17
114,113,65
176,194
303,174
319,185
42,75,29,108
58,196
89,12
140,304,286
175,194
216,297
218,211
222,253
267,257,205
45,258
142,9,315
203,309
49,319
114,17,16
134,106
142,9,304
280,315
315,9,304
111,60
231,249
292,291
292,315
295,12
297,305
313,304
134,305,215
149,315
176,58,186
215,89,305
257,146
302,9,315
142,149
290,9
302,9
305,89
316,172
34,38
273,60
292,290
323,161
273,319,185,60
295,249
242,35
137,58
210,106
280,313
302,315
323,177
231,60
233,194
313,315
59,192,98
18,17,64
264,142
303,72
310,35
92,166
194,202
264,300
300,286
313,286
51,69
40,41,320
40,320
97,192,98
171,193
152,92
134,305
78,308
301,157
301,157,58
320,102
301,58
323,175
97,188
234,140
114,18
234,286,140
310,203
152,270
325,213
109,86
143,270
245,240
59,316
311,133
245,311
311,82
45,106
216,89
234,286
18,115,16
179,60
51,167
130,79
293,204
300,321
142,286,306
221,76,77
101,118
301,76
130,118
304,300,321
245,123
245,133,311
228,213
16,34
13,226
81,266
289,284
235,14
232,265
55,15,133
244,252
263,123
265,15
244,82
266,311
13,15,311
323,77
13,14,311
311,15
244,123
311,15,133
311,14,133
13,311,14,133
133,13,15,14
244,14
244,133,311
199,213
13,133,245
266,275,311
245,15
70,37
302,291
136,201,271
164,93
297,89
323,191
84,114
127,113,64
108,47
115,85
33,47
33,108
47,34
84,48,75
108,34
113,85
128,48,75
164,269
127,108
161,202
323,186
90,29,42
303,173
42,29,108
97,99
176,38
215,106
302,10
93,312
106,225
134,227
315,9,8
39,115
42,100,29
134,224,89
138,220
182,32
291,9
315,8
90,29,108
106,224
191,308
210,297
215,297
224,225
280,291
94,161,47
116,132
124,99,173
191,308,182
302,292
47,106
71,171,195
107,32,178
159,164
192,172
279,287,298
292,290,298
302,287
313,290
47,114,94
59,192,316
78,76,220
99,27
192,193
195,59
302,304,292
313,291
59,303
125,54
124,9,315
124,173,315
137,221
138,58
195,192,59
204,199
205,145,292
268,168
279,313
292,304,145
302,224
315,99
316,193
71,72,195
101,107,94
112,161
160,167
208,132
222,293
222,309
258,9
286,284
292,304
302,218
4,178
29,38
33,34,64
42,38,70
140,163
160,159,93
178,234,10
280,145
280,292
20,287,298
33,64,65
59,27
97,27
142,136
142,146
153,287
189,27
212,204
280,205
281,206
9,234,10
60,185
137,220
137,221,138
176,132
206,212
215,192
227,192
264,291,290
271,290
310,212
78,186
108,48,43
137,221,220
217,124
249,36
257,163
264,292
284,205,268
295,292
325,198
0,27
20,89
64,147
77,132
137,138,221,220
142,304,271
142,304,313
176,76,182
229,64
247,207
249,251
280,286
59,173,124
118,147
152,153
218,172
222,198
273,174
295,292,280
234,26
249,256
262,249
271,205
273,63
279,291,290
286,136
299,313
319,174
11,249
76,241
159,69,164
205,296
279,289
290,304
325,212
157,161
165,60
179,174
206,309
231,174
310,204
159,60
191,157
267,146,271
325,230
5,248
10,26
195,185
198,212
271,163,146
272,136,271
302,5
310,309
143,153
295,207,206
319,63
9,26
20,302
71,49,195
142,292
242,204
255,268
255,276
274,160,93
282,10
302,111
302,248
77,177
112,26
222,212,206
267,304,271
272,271,267
279,257
71,231
142,313,280
184,179,49
264,313
267,271,201
213,198,212
231,49
267,300
274,160
49,54
142,168,280
142,168,313
249,309
290,304,291
159,269,164
183,49
222,212,198
295,207,230
299,304,290
49,60,200
183,54
183,200
231,200
242,254
302,112
5,21
207,295,253
272,279
280,300
281,309,249
295,253,206
325,207
58,9
205,9
11,9
159,269,93
196,177
222,213,198
281,309,310
203,36
254,36
281,36
196,77
242,251
20,248,216
149,9
291,315
290,315
20,216,105
36,309
216,111
257,136
269,119
276,163
312,269
159,162
164,162
276,163,268
159,26
268,284
11,141
201,136,145
105,111
20,111,216
262,242
52,162
282,269
142,315
145,284
33,29
164,165
272,276
312,26
300,313
260,15
37,64
232,120
29,34,121
60,62,125
121,48,43
323,157
3,85,121
18,113
73,27
100,15
114,3
205,276
234,302
114,3,85,121
216,4,215
255,310
11,106
313,145
197,111
121,48
181,187
209,76
19,11
164,326
301,78
301,77
85,43
316,125
39,85
33,116,65
84,3,47
114,39
65,38
140,8
200,53
20,229
259,49
157,308
284,9
317,79
316,172,124
283,237
302,289
300,163
163,272,300
272,163
31,233
252,56
156,26
228,213,204
316,60,124
122,237
300,163,146
302,276
98,188
232,260
42,64
286,139
253,35
311,56
271,9
201,298
292,284
298,131
302,205
264,299
145,291
245,232
260,285
260,56
245,285,56
271,284,300
289,280
271,300,136,284
300,276
271,136,284
271,284,304
140,280,142
142,289
201,9,290
276,136
286,9,290
142,292,280
201,286,9,290
201,286,9,291
271,145,300
140,280
168,284
267,163,145
276,163,145
140,292
271,131
145,163,284
276,163,146
276,163,284
145,146,163,284
276,146,163,284
267,291
276,145,146,163,284
304,131
142,131
142,304,280
240,56
276,145,284,146
280,304,292
304,9
317,278,130
276,284
142,304,292
267,290
267,131,205
292,131
142,276
279,168
289,201
289,298
234,131,298
280,131,298
298,146
267,298
280,145,163,146
300,146
164,170
243,254
127,7,38
142,201
39,43
323,187
232,285
302,268
271,146
100,48
188,99
283,237,13
299,205
210,218
300,163,145
325,310
325,293
100,90,29
90,100,114
129,90,29
283,56
78,76,178
57,161,77
161,57,175
323,202
31,132
222,199
222,228
222,247
262,310
31,176
57,209
147,204
208,32,181
259,174
303,193
325,169
111,89
114,108
281,204
147,213
183,161
208,323
210,20
50,212
129,100
134,112,106
188,60
191,237
208,32,176
34,91
69,269
144,174
183,77
301,202,178
323,187,157
72,212
164,303
72,319
101,32
134,36
142,304,201
144,63
154,80
200,144
280,216
317,73
105,88
134,313
181,32
200,63,144
216,271
229,258
243,250
259,312
295,325
316,169
88,36
145,9
200,63
208,101
11,149
11,201
149,304,313
222,157
20,224
22,278,1
36,241
71,60,184
80,61
160,174
222,187
271,304,300
57,187
89,168
140,89
159,143
170,80
271,304,300,112
317,27
323,222
112,304
170,79
284,243,250
11,313
31,186,176
52,280
71,50
80,68
142,166
164,126
166,261
222,151
243,284,147
271,304,112
289,163,146
72,144
194,182
222,28
243,284
301,148
325,148
24,67
31,194,176
36,284
74,148
170,212
222,28,150
267,216
4,258
59,50
117,50
152,212,170
159,22
186,194
222,68
259,174,195
271,304,145
274,200
301,325
50,71,59
68,28
189,124,169,173
270,278
22,193
124,166
152,212
173,166
186,132
189,166
250,284,147
267,145,163,146
270,278,1
296,284,147
71,117
90,34
184,60,179
195,312,52
216,178
253,199
268,145,163,146
283,191
154,325
171,60
193,164,303
22,79
22,193,164,303
52,174,312
77,187
259,174,312
280,213
31,186
117,169
195,52,174,312
267,276,163,268
296,284,36
93,185
105,149
142,89
5,21,111
124,172,173
142,89,280
184,60,171
197,286
253,204
267,276,163,146
280,168,89
302,216
105,106,149
140,276
268,89
280,89
142,168,89
143,269
149,106
153,166,102
142,268,168,89
267,163,298
296,36,147
319,172
11,5
124,172,316,99
129,34
134,258,149
149,5
201,290,205
222,158
259,52,195
5,258,134,111
88,286,197
124,172,99
142,268,280
222,68,158
230,213,204
302,178
316,99,124
79,187
222,28,158
260,148
289,217
301,216
316,99
124,172,173,99
134,111,5
170,61
173,192
280,89,142,268
295,106,105
298,163
140,268
152,160
158,28,68
170,61,79
170,79,72
259,312,195
295,21
316,173,319
88,286
134,297
158,150
208,181,32,175
230,204
259,195,174,312
295,106
316,169,173
316,319
124,99,169,172
228,293,325
134,215,4
280,106
295,280
325,284
5,12,227
178,161
223,280
259,174,52
280,21
296,147,325
124,172,192
181,32,175
259,318
262,286
298,163,145
22,164
57,186,176
71,50,49
181,175,32,178
258,134,111
325,147
5,103,197
32,202
101,148
181,265
184,171,60,179
189,174,173
191,122
205,89
267,321
316,169,172
99,174
157,32
174,169,172
181,157
197,5
197,313
296,325
316,169,174
5,313
134,5,88
276,168
302,310
325,36,147
22,150
22,166,102
51,195
81,189
88,5,103,197
117,200
144,160
166,22,154
171,60,179
187,202
233,132
247,147
276,168,268
326,158
22,166,150
51,160,312
88,5,197
106,241
105,258
104,54
112,241
152,164
188,174
268,290
102,22,154
124,188
152,126
174,316,99
231,117
247,230
88,5,103
106,89,112
162,312
262,111
304,272,300
90,3
217,106
271,304,272,300
71,117,195
106,241,112
189,185
124,99,172,174
243,296,284,36
130,80,79
134,12,258
150,28,74
205,163,298
21,112
130,101,79
216,217
295,284
302,280
99,169,172
134,258,106
217,223,216
251,230
253,148
295,36
4,106,111
150,61
195,50
206,284
228,148
243,284,36
253,148,293
303,193,322
323,57
24,61
152,74,143
170,156
227,12,258
31,175
59,188
74,126
103,5
197,241
206,148
217,258,89
280,163
102,61,166
143,74,150
195,99
217,89
223,216
22,61,102
89,250
194,161
243,148,36
267,304,146
292,139
300,9
302,201
11,250
79,80,130,101
111,112,297
183,193
223,241,217
11,21
111,297
145,9,284
148,307
243,36,251
297,250,112
5,112,106
152,28,322
228,36,253
282,156
323,202,157
111,106
143,28,322
152,322,143
222,148
253,36
322,74
24,322
55,260,240
71,62
105,89,106
105,241,106
206,325
222,35
143,61,322
183,195
297,21
4,215,112,216
143,322
171,98
184,97
184,185
189,169,124
281,222
4,112,5
11,258
105,12,227
11,89,106
71,193,72
140,277
143,28
322,28
112,261
33,116,113
197,112
121,91
90,6
114,47
13,240
47,48,43
90,47
114,48,47
240,237
260,122
122,265
226,260
252,285
175,191
226,56
237,123
100,3,48
191,194
260,285,56
87,265,122
226,265,87
226,87,14,123
226,87,265,14
86,260,240
226,266
266,260
13,245
86,275
110,240
226,266,87
86,266
266,275,260
110,226
194,76
18,115,116
115,38
96,18
107,113,17
39,29
42,66
127,65,113,64
7,75,96
42,96,75
75,7,38
65,121,113
114,34,115
129,115
90,113
114,34,116
129,34,116
128,107
39,66
39,70
90,116
94,107,128
114,94
114,94,107
114,34,129
114,107
129,3,34
114,3,47
114,47,6
43,34
107,34
114,6,3,47
70,17,64
6,3,47
84,34,114
84,114,34,129
70,64
94,34
84,34,114,100
84,129
84,100,129
90,91,85
6,3,43
84,114,100,129
107,70
42,128
6,43,3,48
114,100,129
84,34,100
6,3,48
84,129,114
6,48,43
107,17
114,3,34
114,34,108
94,115
39,108
159,326
272,163,145
114,48
214,310
297,106
299,9
57,78
90,85
65,66
86,55
42,107
42,7
42,7,66
96,17
157,194
66,42,96
31,181
301,220
22,322,152
61,152,74
214,204
262,255
152,61,143
179,74
251,204
71,185,74
73,54
31,77,194
49,161
60,193
63,61
115,7
147,230
220,77
234,302,267
243,325,296
267,257,302
267,304,257
289,276
36,247,254
72,61,193
79,161
93,326
178,166
291,131
295,310
92,167
214,36,310
300,168
25,60
25,95
74,63
281,230
282,60
310,36
276,131
280,257
95,326
262,142
276,302,205
279,284
157,148
92,198
312,60
1,27
137,198
137,320
157,198
262,138
262,157
302,298
205,309
298,178
320,198
320,160
17,66
113,66
320,160,198
92,160
276,284,268
205,313
160,187
157,160
313,284
206,254
33,42
237,56
110,252
244,260
244,260,266
86,226
244,275,260
275,245,260
244,266,275,260
266,275,245,260
244,245
33,16
226,240
244,285,245
16,115,17
86,244,285,245
42,65
42,115
226,245
42,116
154,322
322,270
22,49
96,64
16,113
22,185,23
128,113
22,185,49
22,270,23
94,113,17
128,17
88,297
185,172
49,172,99
223,224
11,261
99,172,185
134,44,88
88,224
112,250
183,172,99
218,258,297
250,261
21,261
134,224
197,12
218,261
217,261
4,261,227
45,12
89,216,112
134,44
215,89,112
99,185
103,111
211,258
227,224
229,197
11,223
103,12
19,106,297
111,224
258,19,106
19,206
4,198
234,218
11,216
16,66
49,172,185
147,160
147,198
223,206
112,224
89,224
216,139
233,198
4,138
111,224,112
215,224,89
215,224,112
233,160
137,138,4
44,112
49,266
137,320,138
4,320,138
301,176
98,172,99
181,176
182,198
233,160,198
266,79
61,325,79
80,325,79
88,325
215,112,111
215,111,224,305
215,224,305
215,305,111
5,138
111,224,305
215,224,111
325,79
72,325,79,80
224,15
13,15,224
75,64
137,4
42,18
72,79,325
18,7
72,325
75,113
325,61
24,258
172,316,173
173,172,185
98,185
185,169
200,98
200,169
258,54
98,185,173
200,99,98
51,22
66,42,75
88,72
98,50
137,72
72,61,325
72,80,325
4,196
72,61,80
200,173
24,270
72,79,61,80
72,196
173,169,185
319,99
172,173,99
171,245
232,76
232,115,17
18,178
64,17,232
127,161,176
200,179
107,172
232,17
300,285
65,232
113,166
64,17,65
159,51
316,188
141,147
179,172
127,317
96,94
173,172,179
317,153
51,107
95,265
98,172,173
124,185
137,161
206,61
319,160
124,319
151,158
51,172
51,200
96,107,94
200,185,192
52,156
52,319
62,319
96,17,107
143,278
200,172
253,213,204
325,80
13,232
52,124
122,82
137,81
206,204,213
270,99
270,185
94,32
107,32
143,104
183,52
206,325,213,204
270,172
301,60
130,185
206,213,253
213,206,325
312,185
325,213,204
130,270
253,325
231,270
62,67
130,160
206,253,213,204
228,255
231,51
96,65
73,278
51,62
281,199
231,67,62
238,285,235
52,160,130
281,35
39,94,107
39,34,121
87,235
90,74
94,3,91
67,319
114,74
65,74
107,100,94
22,153,23
34,74
23,153,22,154
23,153,154
283,123
104,153
153,22,154
206,204,253
204,206,325
245,56,246
255,212
231,62
296,43
281,214
81,245
87,252
51,270
195,319
52,179
253,213,325
51,67,62
86,133
231,51,67,62
317,24
51,62,231
51,67,231
317,104
22,102,153
0,172
22,154,317
235,246
253,325,204,213
23,94
108,94,107
295,199
94,161
94,186
6,209
94,100,108
98,172,192
186,161,100
209,76,100
319,312
6,91,96
137,176
175,3
96,48,91
253,204,325
255,247
78,132,76
183,156
51,270,67
143,106
251,255
208,161
23,154,317
222,74
144,26
152,106
6,48,96
208,17
91,3,48
262,74
1,166
98,172,60
105,143
208,77
186,191
170,326
153,79
208,176,175
255,173
270,173
23,80,154
22,166,153
67,124
107,157
183,67
295,212,206
22,153,166,101
52,185
94,278
98,179
231,52
325,213,212
53,188
67,179
67,185
200,156
295,212,325
49,125
137,196,157
247,199
255,293,253
98,160
184,193
212,206,325
222,253,255
295,325,206
59,174,98
80,74
101,79,102,80
104,126
154,73
104,278
152,79
153,73
278,28
208,31
301,96
175,194,176
301,125
319,60
125,179
150,278
185,231,49
301,48
49,125,185,179
49,303
231,50
49,179,125
59,63
189,60,98
184,188,171
231,125
233,186
171,188
125,193
117,63
6,47,96
59,200
49,193
3,94,107
53,63,125
181,177
183,117
106,310
283,15
181,176,175
60,54
251,256
194,177
177,181,176
194,308
253,212
200,124
281,310,214
231,193
108,17
107,91,108
303,60
150,74,278
194,76,77
228,116
86,87,245
249,214
114,116
114,65,121,116
245,56,87
114,121,116
114,116,65
87,133
90,252
265,283,122
249,310,214
245,56,275
237,48
43,133
281,214,249
86,260,232
237,43
194,161,76
67,312
122,192
31,177
90,48
278,61
164,318
249,310
266,123
57,55
137,202
137,187,138
138,177
78,177
86,108
157,187,177
229,261
31,77
74,61,278
39,177
74,167
186,161,77
108,32
166,152,74
59,53
69,68
52,326
320,141
59,63,53
73,28,74
108,132,32
74,73,150
79,1
152,278
185,174
206,77
317,74
317,92
161,191,32
181,178,175
183,125
317,322
24,27
72,73
72,74
90,326,52
165,326
72,101,79
92,77
301,181
22,97
59,87
92,148
124,116
209,32
49,116
19,4
19,76
148,172
229,172
107,76,12
230,206,255
231,180
107,108,76,12
4,125,5
116,125
222,230,255
295,253,222
325,295,253
108,12
19,60
39,76
87,65
196,132
209,132,32
253,230
221,32
243,206
221,132,32
231,49,54,179
60,74
157,209
192,12
179,231,49
209,77
83,209
125,178
187,157,209
114,301,65,175
202,301,175
65,60
114,202
101,160
301,65
301,175,114
114,65,175
78,32
94,72
94,80
301,65,114
91,94,107
12,91
175,65
114,175
94,12
90,209
320,74
114,202,175
114,125
56,94,107
104,1
56,12
90,12
59,125
168,131
210,227
216,248
83,194
42,85
57,202
114,121
55,236
65,129
185,54
108,129
114,34,65
114,65,33
42,108,91,43
83,77
33,70
42,91,108
114,33,34,65
83,202,194
264,290
42,70
37,17
39,113
248,219
44,294
42,302
272,286
42,121
201,284
300,304,291
134,89,88
298,284
279,8
127,121
39,64
64,34
84,33
43,42,75
209,161
49,192,59
264,298
57,76,78
138,308
57,76,77
208,32,177
224,258
39,65
216,12
189,200
241,223,258
62,316
83,202,57
140,306
272,9
229,248
279,131
59,60,125
170,269
59,98
284,299,201
105,261
51,170
164,118
60,174
180,172
63,169
95,322
154,318
183,174
270,102
125,185
145,131
180,53
287,264,257
300,306
302,9,280
302,271
306,284
75,34
143,156
319,193
322,80
33,34,85
39,285
88,248
143,93
195,180
274,150
279,280
24,53
24,125
72,68
93,26
143,72
280,287
287,146
19,224
33,34,232
108,34,232
127,121,108
143,60
159,79
189,122
287,131
33,17,232
49,166
55,108
108,133
164,80
226,108
229,216
248,224
287,139
39,151,37
150,63
152,60
208,157
279,298,280
24,188
39,171
72,69
111,305
171,151
227,32
231,143
280,304,216
280,304,271
22,126,102
93,319
109,55
171,61
186,76
93,72
93,79
127,77,70
142,271
171,166
215,250
226,121
276,321
302,60
22,72,93
143,72,93
205,139,257
226,18
280,131,216
90,177,42
134,19
149,163
226,121,18
257,139
259,193,117
289,163
301,129
301,227
22,93,143
31,138
60,26
159,143,22
225,241,258
280,297
70,38,186
108,132
108,221
140,304,271
216,304
317,270
40,166
70,77
70,186
140,271,142
160,166
186,38
270,160
276,277
302,9,10
22,40,23
33,28
55,14,123
127,77,58
159,93,143
186,221
33,227
39,286
227,60
248,258
274,154
289,297,216
20,60
22,160,23
49,64
74,26
139,225
263,76
317,160
23,160
263,64
137,265
257,304
274,74,154
55,308
149,297,216
274,26,74
304,163
127,133,77
157,85
186,265
245,108
305,157
31,81
31,82
70,161
117,171
140,145,271
286,305
31,82,81
55,34
75,18,226
92,34
109,235
124,250
161,15
186,15,133
239,9
249,112
318,74
20,25
58,82
81,58
108,77,124
109,238
127,77,108
259,171
302,8,10
65,34
76,265
81,82,31,58
127,108,161,77
171,53
208,76
240,9
81,82,58
108,77
223,32
263,311,64
280,284
22,28,166
33,34,18
65,18
105,219
108,161,77
117,193,124
280,284,297
31,58,81
65,121,18
64,92
64,311
134,223
297,146
297,284
5,286
10,178
22,160
72,312
82,31,58
100,77
208,108
22,24,317
52,72
17,275
159,185
259,312,72
5,305
39,37,10
165,312
185,159,93
302,261
10,157
81,194,31,58
143,185,93
210,105
264,53
117,10
226,220
229,219
301,261
143,185,159,93
157,285
208,229
75,121,18
81,194
108,87
194,31,58
205,286,257
287,34
109,235,238
129,77
139,284
182,32,178
298,297
301,265
178,265
205,287,264,257
210,294
166,126
210,241
280,276
298,139
302,257
11,10
11,241,225
52,160,312
83,9
145,284,146
267,146,145
302,287,257
20,83
22,74,79
74,22,322
81,194,58
83,92
83,129
117,161
301,202,32
312,160
37,125
83,192
302,131,298
319,192
22,74,152
22,126,74
31,82,120
31,120,81
39,77
120,194
233,180
275,240,266
31,194,120
83,113
205,131
232,125
257,302,205
264,131,287
267,145,284,146
276,9
298,302,205
18,38
70,121,18
90,91,75
137,187,157
302,257,131,287
5,89
10,287,257
13,133,122
22,74,92
205,257,10
276,131,9
280,131,9
302,287,264
9,276,8
33,39
33,107
77,161,32
105,17
161,265
280,276,131,9
302,287,264,257
31,120
62,108
107,91,113
127,113,107
216,64
245,246,87
289,261
31,81,82,120
83,265
127,37,39
264,257,302,205
267,284,145
267,284,146
270,151
13,55,265,133
84,34,33
117,53
280,9,276
280,8,276
302,205,287,264,257
13,265,55
31,194,186
205,257,298
302,205,264
39,37,108
55,87
117,72
134,219
186,194,31,58
205,264,257,298
238,246
244,283
298,9
17,34,113
143,97
264,9,287
191,76,77
226,120
238,120,232
37,29
42,43,29
264,9,205
76,83,77
23,322,24
289,271
290,163
10,131,257
131,302,205
205,131,257
257,277
267,145,298
304,271,257
233,32
23,322,317
74,28,126
80,28,126
273,189
31,58,186
58,177
58,132,76
189,125
12,241
282,162
40,151
162,25,282
172,54
109,120
170,93
140,306,300
186,32
299,257
240,237,260
266,82
283,240
87,120
87,232
122,133,82
133,283,122
13,265,245
226,232,240
237,226,232
14,265
13,260
87,122
245,265,87
260,311
263,265,245
263,285,245
263,246
56,265
240,56,260
223,21
16,34,17
206,248
201,145,10
295,248,206
295,325,248
248,325
242,147
184,243
192,204
198,192
210,241,225
214,36
80,278
86,235
62,54
231,262
262,200
242,212
262,218
220,132,221
175,76
301,221
301,221,58
157,32,187
9,272,286
221,31,58
267,139
300,284,291
317,61
286,9,304
317,143
145,168
146,8
149,291
152,73
271,8
292,145
304,8
10,290
146,309
153,322
220,161
271,10
300,309
33,121
39,121,129
78,221,186
90,100,42
127,121,39
195,316
245,82
10,217
168,173
280,131,8
10,218,217
74,73,102
90,42,114
108,91,29
159,282
242,68
17,144
64,132
92,115,17
107,113,64
159,165
263,311,316
266,173
270,76
292,99
292,169
56,76
93,165
173,133
240,133,275
240,133,316
263,316
316,260
78,170
180,287
282,144
287,99
320,27
320,73
75,16,18
159,320
205,53
320,101
90,96
160,27
195,169,172
263,100
75,18
249,118
81,240
263,237
13,120
101,12
263,120
263,260
110,285
170,160
104,53
129,113
70,205
231,101
240,178
243,160
16,220
243,160,296
296,160
6,205
13,266
242,53
6,257
142,198
205,168,257
263,55
263,285
295,230,206
206,34
242,53,104
262,120
217,120,218
10,217,120,218
217,120
10,218
242,104
242,125
255,214
55,285
84,115
84,161
107,100
214,213
218,120
263,285,55
13,285,55
210,249
13,285
125,213
214,325
74,213
138,187,196
207,199
317,170
317,1,24
39,37,255
39,255
255,37
63,213
52,125,53
52,213
274,213
52,63,53
52,63,125
52,213,63
264,10
52,53
52,63
257,168
125,63,74
52,125
52,74
137,16
115,91
37,146
39,182
170,104
300,135
39,182,37
140,147
159,269,143
271,304,291
115,3
272,304,271
70,261
115,3,91
73,101
70,120
242,74
39,72
304,271,292
90,87
161,191,120
127,91,115
191,120
70,280
280,38
39,107
120,161,182
205,10,168,257
263,87
302,205,257,10
205,9,10
263,246,87
6,91,115
10,257
87,237
300,304,145
298,168
127,91,6
264,9,298
264,298,205
317,24,154
52,190
127,6
143,154
267,131
22,120
142,241,280
33,120
149,201
264,205,168,298
10,248
49,190
257,286
49,41
75,16
127,161,120
22,1,317
142,286,280
142,286,313
320,41
10,313
107,120
242,67
10,9,320
42,29,107
42,100,107
75,191
77,241
264,257,168,287
271,60
271,241
292,60
302,205,140
18,191
52,10
142,320
149,320
154,166,74
264,320
300,120
304,60
6,91,107
16,146
16,163
27,172
75,100,6
140,52
298,287,264,257
302,52
317,126,24
10,9,313
317,126
49,63,125
142,300
185,9
231,169
300,278
10,73
10,287
22,126,317
52,49
73,169
146,99
146,172
205,101
231,271
283,55
291,101
298,73
298,101,287
300,292
302,131
0,292
101,169
264,271
272,264
287,27
302,146
142,292,149
195,286
264,276
270,77
292,168,146
292,286
146,163,9
236,120
279,292
280,304,286
153,28,74
231,37
287,291
57,220,58
120,122
171,185,49
320,79
320,166
31,308
49,169,171
49,169,185
55,58
52,101
243,241
320,24
146,9
170,236
13,58
13,58,55
20,243
64,172
250,148
140,146
64,99
64,53
251,213
133,76
148,243,250
134,297,217
241,134,218
134,218,217
134,218,241,297
134,218,297,217
217,241,134,218
105,217
49,124
105,241,297
134,241,105
251,254
134,112,217
134,241,215
241,105,112
120,237
217,218,241,112
240,122
297,134,218
215,217
251,213,254
254,213,256
218,241,112
134,241,217
134,241,225
105,225
216,218,217
105,12
193,169
134,225,105
189,193
248,12,225
189,169,193
189,193,72
297,213
306,9
112,305
189,108
275,14,123
275,123,133
133,186,275
109,186
186,14,133
186,133
123,186,275
109,123,275
208,132,32
244,14,123
15,186,275
123,15,14
244,275,186
275,15,123
233,220
244,133,186
109,133,186
109,275,186
58,32
109,133,275
186,14
208,202,58
244,109,275,186
244,123,186
301,202,58
208,32,58
244,123,275
301,208,58
244,133,275
186,123,133
186,275,123,133
58,127,57
58,301,127
208,127
48,42,96
70,129
127,58
70,16
202,301,127
127,202,58
127,202
301,202,208
301,208,132
75,48
208,202,32
108,172
120,311
301,32,202,208
108,173
189,172,108
172,108,99
245,120
55,236,133,275
18,129
189,173,108
18,121,129
206,112
238,275
49,316
108,232
206,213,228
208,58,202,301
263,82
81,263
55,275,186
55,235
51,160,101
95,160
67,89
95,312
138,182,196
196,202
263,87,245
137,120
137,78
301,182
78,202,76
316,185
20,305
263,285,87
301,137
231,68,67
189,169,108
114,116,129
77,261
134,161,77
134,191
191,112
191,305
238,133
297,77
109,133,238
165,68
238,133,275
26,119
44,305
49,124,316
86,198
109,55,238
18,116,129
108,16
137,77
312,118
107,212
124,212
186,212
189,107
194,60
31,137
55,133,275
84,100,113
65,121,116
75,43,108
114,107,33
133,109,236
37,85
91,42,75
42,91,29
39,116
108,115
96,43,100
96,91,43
114,115,64
90,91,100
158,26
31,161,77
34,108,113
109,275,238
86,237
77,308
244,120,81
235,133
232,56
275,56,133
86,238
263,226
235,275
86,237,260
238,275,55
236,235
129,38
255,148
282,67
255,250
31,77,137
31,196
186,161,32
137,32
196,76
196,221
286,304,168
78,76,209
221,187
267,10
201,146
264,146
9,313,284
163,264,271
209,76,220
142,146,163,304
146,163,304
175,220
201,166,153
24,102
22,322,154
146,131
279,146,205
184,284
284,148
298,146,145
298,146,287
298,163,146
145,287
255,256
152,74,150
10,214
206,256
264,131,9
302,304,300
264,9,10
264,131,10
142,325
264,10,131,9
168,300,286
270,304
302,300
10,321
272,300,302
189,169,316
67,26
231,26
101,312
144,119
254,206,255
140,247
262,119
52,261
243,148,284
52,284,147
52,284
184,52
156,119
262,52
143,92
20,147
147,148,284
250,148,284
262,254
44,89
112,211
305,211
59,169,124
59,169,316
59,316,124
304,279,300
147,284,160
110,133,55
189,169,59
81,133,120
205,297
209,177
251,147
84,34,85
64,121
72,212,325
78,191
127,33
31,76
13,76
77,202
76,15
84,265
132,15
90,17
90,115,114
273,99
57,123
75,18,37
113,100
273,172,99
294,225,227
37,115,18
90,39
205,304,300
273,173
72,213
88,218
113,76
115,12
223,161
88,217
90,199
42,37
108,42,75
206,72
272,284,271
294,227
304,302,205
55,157
72,206,255
127,42
48,108,16
105,294
212,61
212,241
48,109,236
105,225,227
109,236,108
189,124,59
261,213
109,236,48,108
109,18
273,172,74
273,74
227,225,250
320,157
305,32
113,82,115
217,261,218
185,212
18,182
233,40
16,237
18,163
115,82
124,316,169,172
244,17
108,116
12,48
83,115
116,48,12
205,163,257
244,52
55,17
113,123
257,163,146
225,34
244,160
289,225,227
294,250
65,48
116,48
292,225
152,61,212
292,227
159,241
289,225
292,225,227
170,118
86,48
86,12
75,123
108,48,12
72,207
72,254
104,150
251,72
222,141
19,89
206,251
318,26
206,72,251
211,219
58,182
181,191
205,314
181,182,191
244,87
117,99,49
161,83,77
83,161,76
83,161,57
117,192,49
160,93,269
98,63,192
316,63
44,88
314,284
244,285
110,236
286,277
145,315
140,300,142
88,294
142,313,300
4,248
4,219,248
4,216,5
315,10,145
3,114,107
280,321
114,115,29
114,29,34,115
184,319,98
319,184,72
34,7
33,7
33,38
147,256
319,72,316
114,7
281,296
140,290
171,319
271,298
33,34,115
112,134,111
152,80
319,169
4,219,216
10,207
11,88
20,227
114,115,33
127,166
196,308
219,4,215
75,74,108
118,158
208,91
215,111,197
24,278
88,111
88,227
183,53
197,21
101,178
127,186,176
149,168,292
234,171
19,211
57,187,83,157
60,148
251,74
118,148
183,60,53
208,178,322
17,308
77,173
83,157,57
176,161,186
181,77
105,205
143,58
176,224
208,178,101
208,322
244,238
271,257,205
24,68
31,238
158,60
176,131
215,171
234,9,302
79,126,80
83,5
149,227
181,166
186,161,176,77
208,178,181
215,213
217,212
251,193
262,141
83,215
110,85
319,98,124
31,127
248,139
251,148
49,222
81,228
112,9,224
120,188
146,163,168
175,240
183,152
322,278
81,133,82
170,166
176,77,58
216,286
234,224
294,139
23,166,170
23,166,322
58,85
58,275
81,262
86,240,175
152,166,170
214,250
262,82
271,313
23,166,170,322
114,75
120,9
195,118,52
264,280
286,214
295,214
321,213
33,34,75
166,170,322
224,9
257,131
284,147,36
286,147
36,243,250
53,148
147,243,250
170,322
105,279
170,278
214,60
257,304,291
286,213
295,286
101,188
167,214,60
243,250,284,147
306,136
31,275
60,167
96,121
214,167
244,115
244,162
264,131
278,166
316,172,98
62,101
183,188,101
195,118
244,114,115,246
255,311
264,321,280
282,113
98,169,319
127,96
145,264,271
149,219
208,265,32
244,115,246
264,136
264,321
265,178,32
313,168
57,133
177,265
183,188,62
208,226
215,286
189,98
215,219
249,116
117,98
189,173,98
251,248
255,286
259,52
280,298
23,278
58,77,275
208,181,32,178
275,161,77
279,145,271
280,298,205
295,254
316,174,98
20,89,5
20,111,5
31,176,57
105,286
248,8
250,284,36
316,98,124
11,103,105
20,149
31,221
64,77
187,132
242,24
279,298
185,167
279,298,136,257
83,120
143,166,79
206,286
226,221
279,136,257
279,257,298
286,256
290,168
94,120
120,38
243,286
296,256,147
11,5,105
142,136,168
152,143,166,79
243,284,147,36
286,247
296,256
24,150
142,257
181,161
25,162,170
25,167,162
152,79,143
181,32,178
185,316,173
240,202
276,136,168
280,290
286,248
313,234,10
79,150
89,219
111,11,5
159,68,170
159,162,170
159,167,162
189,124,316
295,248
19,149
105,89
162,167
197,133
222,214
286,290
20,19,149
19,223,149
25,68
80,150
82,9
103,89,5
103,219
159,158
206,307
206,310
222,248
275,9
279,146,257
279,290
302,309,310
313,136
11,89,103
103,219,89
117,185
162,144
186,311
195,158
208,182
242,171
271,276
279,163,257
286,146,290
302,206
118,26
195,60,184
200,319
248,9
257,276
279,163
290,136
300,298
11,89,5
179,54,185
290,146
296,213
53,60
111,219
170,69
170,162
195,124,316
271,136,146
11,5,103
46,147
80,61,193
189,319
195,188
197,248
231,54,179
242,325
271,136,10
271,315
290,145
300,304,257
62,173
80,193
79,166
98,63,188
145,139
149,139
302,256
10,168,286
110,235,226
136,302,9
172,98,63
180,124,316
208,175,202,178
249,151
46,251
178,202,32
231,185,179
276,139
279,286,149
143,80
184,185,60
197,89,5
206,214
222,213,309
251,36
264,271,280
25,117
79,126,101
101,126,80
197,11,89,5
197,112,5
238,226
309,213
11,219
25,326
79,27
149,136
313,276
52,26
53,193
102,60
104,80
143,166,74
149,271
247,204
271,136,145
23,322,166,102
216,224
217,134,103
19,197
19,250
23,61,166
81,275,237
9,136
81,283,133,120
134,241,89
143,102
214,309
271,9,276
279,321
283,13,133,120
227,241,89
242,256
302,136,292
315,136
23,74
23,101
109,226
112,219
226,252
279,302,136,298
280,145,271
24,101
242,213
260,252
74,104,102
110,260
279,9,302
291,139
311,275
317,102,104
101,166,27
197,11,241,89
279,280,302
280,136,298
244,260,81,110
110,240,226
110,260,240
234,292,280
271,306
279,292,280
280,9,292
298,291
216,219
200,193
46,297
322,166,27
39,120
19,241,20
20,241,11
68,26
103,21
49,63
4,216,105
120,7
49,63,188
8,131,9
78,76,191
78,176
31,78
30,16,85
176,202
7,94,120
77,132,177
57,177
209,161,177
176,209
20,294
77,161,177
161,83,157
161,157,77
19,20,11
186,157
137,132
45,88
127,38,120
209,196
138,77
117,188
11,294
57,138
137,57
53,54,179
196,187
142,286,300
291,300,286
159,312
170,67
51,158
289,300
298,315
183,124
302,163,146
124,53
180,193
208,57
280,10
10,8,291
11,20,88
53,99
111,89,297
197,297
134,197,103
205,277
215,280
22,278,24
134,216
313,131
315,131
257,314
280,297,216
134,302
302,227
72,101
166,102,27
234,297
297,136
8,284
195,168
105,131,297
284,131
195,257
297,131
170,27
195,101
224,60
87,123
244,226
264,101
312,168
109,265
218,89
234,72
257,101
295,214,262
20,205
40,270
40,278
22,166,270
278,22,322
195,205
96,7,66
20,257
212,307
243,214
257,312
206,325,214
281,198
310,198
20,101
214,198
101,278
322,101
83,117
233,181
153,166,27
90,29,75
195,61,72
195,61
49,131
172,195,49
195,185,184
185,195,49
195,49,184
317,166
195,172,185
184,61
188,185
49,170
20,250
183,185
50,169
185,195,188
195,188,184
149,131
9,126
72,50
49,172,72
79,172
149,276
302,74
217,9
298,224
111,250
134,136
298,9,224
300,304,290
11,248,197
248,197,111
11,111,197
216,131
105,197
197,250
134,277
197,217
287,9
22,278,74
53,172
279,201
291,216,300
111,112,248
25,312
75,34,29
189,173,49
195,49,117
39,129,17
235,260
33,16,64
37,16
107,16
117,316
195,169,117
6,113
29,113
49,169,316
65,29
169,195,49
205,9,168
212,213,204
217,241,112
19,240
84,75,42
114,66
114,115,65
116,30
65,30
109,96
216,112,248
49,311
90,17,42
18,120
116,174
311,30
325,309
205,8
212,309
262,219
262,302
281,302
310,148
49,80
120,123
255,147
316,99,173
222,243
222,296
243,251
271,310
243,172
243,147,296
49,270
270,50
287,136
216,112
143,166,27
152,166,27
243,120
256,198
4,112,216
105,112
223,224,211
81,94
49,243
184,296
254,325
263,17
214,198,254
210,229
184,147
20,211
45,294
284,136
297,219
248,219,211
88,46
49,50,270
184,296,243
184,147,243
262,209
120,221,209
4,305
181,263
175,132,32
263,178
81,87
237,178
62,188
153,1
16,3
109,100
18,3
84,209
267,149
108,79
153,80
295,255,206
317,80
40,152
107,3,29
152,214
84,18
317,278,153
46,218
0,73,152
320,278
152,27,153
270,27
152,28,143
104,73
270,102,79
153,27,270
152,27,317
152,317
298,287,276
153,270
317,27,270
152,102,79
148,204,213
79,28
243,256
256,204
301,82,176
176,311
282,312
17,82
17,311
84,3,107
301,17
5,219,216
107,3,129
107,129,108
301,29
107,176
243,147,214
84,3,129
226,17
40,24
40,126
229,5
271,287,298
229,241
241,19,229
287,284
283,109
64,100
46,224
222,256
281,325
236,121
222,325
72,316
5,211
210,19
283,120,81
226,59
11,219,248
302,53
247,224
279,63
51,156
25,51
25,72
234,142
45,297
89,134,111
162,156
79,151
170,159,93
86,311
29,209
94,240
294,224
93,144
256,206,325
5,297
52,316
5,224
52,99
52,169
210,111
229,5,197
210,11
210,219
217,111
229,89,5
229,111
11,89,112
103,305
235,252
86,187
4,250
83,94
107,240
107,260
11,215
94,157
107,260,240
176,260,240
301,260,176
189,63
248,82
313,8
39,172
269,167
249,53
224,12
257,315
205,315
249,209
286,131
249,240
297,316
257,131,9
