0,1
0,2
0,2,3,4
5,2,4,6,0,7,3,8,9,10,11,1
0,5
0,4,8
0,4
6,0
0,3
0,8
0,12
2,0,3,4,13
3,14
3,13
2,0,3,15,4,13
10,16
17,11
8,18
6,12
0,13
19,11
8,11
4,13
3,8
0,7,8
2,4,13
3,4
0,7
0,3,8
6,8,11
6,8
3,12
0,3,4
2,0,3,20,4,13
7,3,4
3,21
2,3,4,13
10,22
5,7,3,0,2,8,4,13,9
6,7
6,0,8
0,7,3,8
23,4
5,2,4,6,0,7,3,8,13,9,10,11,1
24,25,26
6,8,11,21
0,4,11
4,9
6,11
0,7,3
7,3
25,8
27,28
6,3
29,30,31
6,1
0,2,13
8,32
10,33
30,31
4,8
34,35
36,37,16,38,39,30,34,40,31,41
20,42
20,34,35
20,19
2,4,8
4,43
16,22
27,43
27,44
27,28,45
6,19,8,18,11
27,45
16,46
6,25,18,11,21
27,47,48,45,43
49,34
50,51,34,37,31,52
53,16
19,54
16,55
6,19,8,18,11,21
10,56
29,31
2,11
6,0,11
12,34
57,58
25,54
12,54
59,54
60,1
22,55
61,62
6,63,19,8,18,11,21
64,10
65,27,45
16,22,55
11,1
3,66
67,3,66
54,68
69,54
54,70
5,3
34,14
12,14
39,30,34
6,8,18,11,21
59,71,72
44,14,58
53,22,55
4,11
6,54,21
6,19,11
73,35
20,35
19,34
53,22
16,31
24,54
61,42
31,52
62,58
7,3,8
74,58
2,0,3,7,4,13
44,58
20,61,42
20,61
25,21
10,16,22
53,16,55
25,8,21
53,16,22,55
27,44,43
12,11
29,58
67,3,66,32
63,14
27,75
53,16,46,55
76,31
0,3,12
16,69
77,54
53,16,46
78,71,21
38,58
2,0,3,4,8,13
63,19,34
34,70
14,58
79,58
0,2,3,12
27,64,47
0,59
19,14
27,45,43
5,52
16,69,22
54,71
27,47
27,28,75,45
23,80
20,23,81,35
13,9
19,44
82,73
6,19
65,27
83,51
83,79,58
22,84
23,81
23,36
20,34
76,31,33
16,85
86,23
4,1
75,9
0,3,4,13
20,18
10,87
2,7,3,8
4,88
63,20,34
63,34
73,12
2,7,3,0,8
63,18,43
84,16,22,55
63,21
39,30
63,17,19
53,16,69,55
0,86
63,18
89,83,79,29,90,58
20,23
91,30
18,54
20,67
20,15
6,18
10,11
23,54
17,59,12
34,71
63,6
23,35
30,40
92,40
74,35
44,14
63,93
63,35
89,90
38,74
44,74
94,29
11,95
89,90,29,58
96,29
39,30,40
0,5,3,4,13
57,97
89,83,79,29,90,51,74,58
7,13,9
63,20,18,98
44,40
27,96,99,45
100,43
89,79
78,54
6,0,3
0,7,3,5,2,4,8,13
63,20,70
63,20
3,84
73,45
89,90,58
57,74,58
27,28,45,43
57,101
82,4,81
62,74,58
75,44
17,34
39,40
17,19
63,25
15,61
35,43
102,36
102,92,16,39,30,36,40
103,44
29,51
100,9
86,19
29,74
17,19,59,12
67,23,32,43,14,76,20,44,18,35,58
63,20,18,35
58,44,76,43
63,20,35
63,20,18
20,54,35
29,74,58
83,29,38,51,74,58
20,54
8,18,11
0,3,13
12,43
44,39
63,11
29,30
89,90,74,58
6,20,70
20,25
104,58
63,8
91,44
57,94,29
44,105,74
24,21
24,25,21
83,29,90,51,31
63,20,44,18,34,35,58
20,14
27,28,48,43
44,14,43
103,75
71,21
104,29,51
63,24
106,53,16
83,58
83,29,51,62,74,58
104,29
3,86,12
106,46
106,53,55
58,43
57,26
89,74,58
54,35
107,108,67,18,98
44,42
20,58
17,35
89,83,79,62,74,58
109,58
21,35
23,19
58,100,96,44,76,105,14,74,43
20,33
40,92,110,49,39,30,34,37,41,52
96,44,43
106,53,16,46,55
80,52
46,22,55
89,74
6,54
20,23,81,43
20,44
94,58
6,63,20,35
6,21
63,58,6,23,44,18,34,43
73,43
4,111,13
29,90,51,30,31
3,111,13
3,4,111,13
62,74
63,17,35
58,100,96,23,44,73,81,14,74,43
56,22
24,26
16,69,55
108,112
86,23,12
105,43
0,3,4,111,13
87,9
10,87,9
20,43
4,111
23,58
20,36
20,71,70,21
93,18
58,96,44,14,74,43
82,23,73,81
20,19,43
3,111
69,21
104,29,90
2,7,3
23,105,43,82,73,14,76,81,33,100,44,58
27,100,28,47,48,45,105,43
54,113
105,35
96,30
27,28,99,45,43
63,18,98
104,29,90,51
23,44,14,43
16,36
63,15
113,43
102,16,36
63,71
23,14
24,97,26
21,26
16,40
97,24,25,21,26
97,26
4,95
0,3,111,13
99,31
27,99
63,8,18
57,24,97,26
24,25,21,26
97,21,26
73,31
83,74,58
106,16,46,60
16,26
0,86,12
22,26
94,74
83,76,51,62,74,58
24,25,97,26
27,64
53,26
63,44
97,57,24,25,72,26
100,14
67,8,18
61,18
3,23,18,35
57,24,25,97,26
20,86
63,17
83,62,74
73,74
90,74,58
79,74
17,86
97,72
67,3,66,18,32
58,23,44,76,14,33,43
34,37
110,31
63,19
20,74
29,90,51,31
23,12
20,70
114,115
25,26
9,43
43,96,44,58
54,21
73,90,74
76,52
20,23,35
16,60,55
40,31
102,16
104,10,50
61,116
30,40,31
65,44
115,88
104,10
6,95
86,19,12
6,20
111,95
23,44
6,25
104,83,79,29,90,51,31
23,33
24,8
3,4,111
23,102,36
58,100,23,44,76,105,14,74,33,43
11,26
24,25,11,97,26
90,74
19,21
27,100
6,63,20
89,83,79,90,29,74,58
115,66
63,58,43
117,48
23,18
23,44,42
1,95
63,58
26,53,16,46,55
63,70
63,24,25,21
110,40
26,24,25,11,21,97
63,20,11
114,66,88,97
26,6,24,25,11,21,97
65,48,11
27,28,43
24,11,26
11,118
22,68
35,70
63,58,6,24,23,44,76,18,34,43
57,29
8,95
17,21
5,0,3
23,105,43,82,73,14,76,81,100,44,74,58
47,48,43
24,11,97,26
106,16
103,49
20,24
63,78
24,97
24,21,97
6,18,11
8,37
5,11
73,105,43
100,73,105,43
44,35
89,83,79,38,90,29,62,74,51,58
119,97,120
48,105
104,10,87
63,6,54,34
63,20,23,18,35
57,25,97,26
65,44,49
86,35
63,15,58
43,20,23,44,18,34,58
104,29,90,51,30,31
3,4,13
27,100,28,45
6,17,35
71,35
55,16,26
86,58
6,24,11,97,26
6,24,97,26
6,0,8,11
48,45,105,43
100,48,45,105,43
2,7,3,0
6,17
59,35
44,43
27,48,43
110,39,30,40
106,53,46,55
57,25,11,97
6,11,21
67,23,32,43,6,24,66,34,14,76,42,98,63,44,18,58
106,68
44,98
63,20,26,24,19,25,21,97
47,48,45,43
5,9
36,40
0,10
62,26
21,70
97,120
83,62,74,58
5,10
5,15
82,16
6,70
23,102
119,97
44,99
44,54
88,97
6,35
34,21
29,38,51,74,58
115,121
24,21,26
0,3,4,111
106,53,16,55
44,54,33
122,21
19,35
27,10
5,75
5,49
0,103
69,26
63,20,17
0,7,95
0,95
33,43
63,20,43
21,97
3,23,81,36
2,0,3
104,29,51,30,31
110,29
19,122
0,8,1
29,31,33
63,43
17,54,34,35
123,114,124,119,66,101,120
57,97,26
31,33
16,29,31
102,92,110,36,30
92,30
78,21
102,39,40
11,21
24,11
92,42
60,22,122
58,74,43
65,103
63,20,12,34
15,34
63,24,18
123,124
106,53,16,46,60,55
125,14
84,122
106,55
25,97,26
54,34
63,12,34
124,88
23,32,43,91,107,14,34,62,76,42,33,20,108,18,74,58
15,87
102,40
63,20,21
20,78
102,16,31
16,46,55
114,124
60,122
46,22
115,124
115,126
5,31
8,1
63,20,6,19,25
57,24,26
20,23,19,12
24,25,69,97,26
17,71
113,37
63,20,17,19,12,35
17,70,21
6,118
63,20,19,18
26,24,11,97,58
120,57,114,24,66,119,11,97,101
69,97
58,57,120,114,66,119,69,11,97,101
63,20,24,25,26
0,73
20,19,18
99,90
61,125
21,24,25,69,97,26
60,84
127,128
4,49
101,57,114,66,119,88,97,120
24,11,21
26,21,24,25,11,97,58
29,51,74
57,114,24,25,97
51,58
27,100,28,47,48,73,45,105
24,11,97
25,35
89,48
114,97
63,24,25
110,30,40
90,29,51
57,24,11,97
19,12,54
63,58,15,44,18,43
22,122
60,22
63,20,17,19,34,71,35,70
39,34,37
24,25,16,69,97,26
6,63,19
63,54
63,67
0,111
20,86,19,12,35
54,33
0,23,36
42,58
21,58
55,24,25,16,69,26
58,24,25,21,26
89,83,79,90,74
57,24,25,26
10,9
26,57,97,24,25,21,58
89,83,79,90,38,62,74
0,11
89,83,90,74,58
58,57,24,25,97,26
1,21
3,11
89,94
57,123,124,66,119,101,120
129,115
0,11,1
93,54
91,75,49,30
54,70,35
90,29,74
104,16,29,90,51,31
5,88
5,88,90
24,130,11,97
89,15,58
49,9
63,33
90,29
104,29,31
4,18
80,40
20,23,44,18,54,14,74,35,58
24,58
23,12,54,14
19,6,24,78,97,57,71,21,63,20,74,70,58
53,16,22
15,74
89,38
12,35
104,16,29,90,51
43,23,44,54,14,74,35,58
112,14
14,35
43,6,24,21,58
63,6,70
58,24,25,26
96,44
63,20,44,42
16,69,26
102,92,16
23,105,43,96,73,76,33,20,100,44,74,58
5,15,88
74,87
87,22
63,20,44
80,43
23,19,73
57,24,25,11,26
89,90,38,74
109,90
80,113
3,49
57,97,120
121,97
11,97
38,30
57,24,25,11,97,21
0,34
102,39,30,40
63,15,20
19,54,35
3,10
77,84
16,74
89,83,62,74
6,24,62,97,57,25,21,26,11,74,70,58
24,97,120
124,130
16,77
131,112,61,14
3,23,36
63,20,19
6,97
55,53,22,84
82,102,16,34
34,58
39,34,40
102,92
82,14
82,23,14
90,14
27,39
16,58
57,124
29,51,74,58
63,19,78,71
17,60
12,105
63,105
80,105
29,30,51,31
63,118
92,37
87,58
124,101
39,43
3,95
83,74
63,12
43,20,82,23,44,12,73,16,34,58
82,23,80,81
102,23,81
92,16
77,69,60,84
24,69,21
77,60
110,30
63,20,12
1,35
53,77,85,55
15,58
104,89,83,79,29,90,38,62,74,58
3,86
48,43
71,35,21
109,29
23,81,36
16,22,26
83,29
100,28,73,48,43
131,127
40,74
4,49,13
124,119
24,25,8,11
23,74
7,49,9
82,74
69,70,21
89,83,90,38,29,62,74
89,79,90,74
124,119,120
124,120
85,22
57,24,25,11,97,26
10,50,87
24,25,11,26
24,95
55,16,22,26
104,9
7,47
20,12,34
20,76
24,25,11
27,48,39
27,28,48
27,48
69,60,22,84
102,110,99,29,39,30,31
89,16,90,38,29,62,74
89,90,74
7,9
90,58
5,7,9
129,124
89,83,29,38,90,62,74,58
15,10,87
23,73
124,126
58,22,55,16,69,97,26
27,52
3,23
89,102,110,29,90,30,31
110,29,30,31
19,70
79,90,38,89,83,29,62,31,109,16,74,58
1,118
71,118
89,58
3,23,12
104,44
4,88,49
5,7
58,57,123,25,119,21,26,6,24,66,18,121,88,11,130,69,97,120
23,105
132,124
51,74
5,49,88
10,36
79,29
6,20,63,19,25,12,70,21
79,29,51
49,88
15,10
103,30
88,9
88,74
40,87
124,37
115,133
6,11,118
50,16
23,88
44,12
7,4
88,33
88,111
119,120
130,95
78,71,118
20,44,12
20,12,62,74,58
5,44
0,58
104,15,88,87
104,16
23,80,81
78,71,21,70
7,100
82,80
104,29,51,31
17,78
104,88
132,126
86,34
29,30,40,31
100,105
129,134
5,15,103,44
16,29
55,122,84
93,122
124,72
16,90,29,51,62,74
0,8,11
133,135
16,90
63,17,122
5,88,9
86,54
55,24,25,69,22,26
6,22,118
84,19,12,60,71,70,21
57,66,101,120
71,84
55,22,26
96,43
64,47,105,136,43,28,73,27,100,48,45
0,2,3,4,111,13
109,38
10,49
79,38,90,89,83,29,62,16,51,74,58
79,90
76,43
65,75
22,118
57,74,101
7,49
7,8,95
131,114
114,18
57,124,119,66,126,101,120
89,79,16,90,29,51,74
20,12,18
88,90
12,18
18,14
132,121,126
20,122
54,60,122
20,17
18,14,98
133,115,126
109,62
108,114
59,18
38,62,101
15,40
54,122
16,38
15,88
67,94
57,114
94,42
27,28,64
6,8,18
89,83,38,62,74,58
0,17,71,70,87
15,88,74
102,80,36
89,83,90,29,51,62,74,58
21,84
20,21
121,126
18,37
24,25,11,21,26
109,29,51,58
122,58
104,15
5,49,88,9
108,61
45,36
91,27,45
100,73
86,18
82,23,81
50,87,9
10,88
108,114,18
107,61,62
107,61
109,113
89,21
50,9
50,40
61,38
55,15,24,25,69,26
20,19,70
7,95
0,10,8
15,10,88
117,8
114,8
112,125
122,35
88,113
55,15,57,24,25,69,26
45,43
129,137
9,95
82,81
109,51
58,26
114,88
18,98
46,122
130,18
127,93,128,116
17,70
17,122
38,36
66,101
25,21,118
29,51,31
46,85
133,137
111,9
133,121
5,103
27,64,45
133,130
57,123
38,90
21,118
5,138
134,130
130,72
23,42
129,115,134,137,130,133,124,135
19,78,71,21,118
20,71,21
66,32
137,130
132,130
46,85,68,55
2,13
130,126
55,15,22,26
55,15,69,22,26
23,33,43
85,68
130,119,66,126,101,120
129,130
58,25,26
63,26
63,20,58,24,25,19,12,26
115,130
2,4
2,3,111,13
2,9
15,26
6,20,19,12,78,11,71,21
2,70
71,26
63,20,24,19,25,12,26
99,42
68,55
63,20,25,12,26
2,3
63,20,12,26
24,66,14,25,12,98,21,26,63,20,18,54,11,74,58
63,20,24,25,19,12,11,26
86,36
80,36
133,124
63,20,24,25,12,26
77,68,84
67,23,32,43,15,86,66,87,59,12,74
127,53
106,46,68,55
19,34,118,25,12,71,63,20,60,122,70
19,71
42,43
67,61
91,9
15,86,69,71,22,55
20,17,19,12
46,69,68
106,56,46,68,55
67,42
67,74
119,121,126
119,121,120
82,86,23,80,81,36
67,17,94,92,19,102,38,23,32,136,84,43,15,131,93,86,66,78,29,39,34,87,118,110,12,59,36,98,72,63,20,109,51,60,74,70,122
25,78,34
81,42
17,19,84,78,34,118,25,12,63,20,60,122,70
130,135
100,83,99,90,29,74,31,43
39,42
61,29
91,61
91,99
77,85,68
99,61
117,26
108,112,61
106,53,85
19,78
83,61,29,62
46,85,68
78,1
50,10,9
2,111,13
63,20,19,25,12,26
77,55
63,57,20,25,12,72,26
131,93
17,139,68
139,68
55,26
66,74
93,125
83,110,29,74
61,74
22,68,55
60,55
56,77,68,55
2,3,13
84,22,56,60,68,55
15,25,26
85,68,55
60,84,55
38,51
60,22,55
17,12
69,22
20,12
90,38,15,83,29,62,31,110,109,51,74
15,107
12,1
15,12
46,60,22
86,59
46,68
12,32
56,68,55
57,66,74,101
56,55
23,48
46,77
109,62,74
66,62
106,46,69,77,68
51,62,74
109,83,29,90,51,62,74
91,12
29,74,31
110,74
82,86,23,80,36
57,51
93,78
74,101
129,115,133,137,124,130,135
57,66,120
42,136
19,12
63,20,17,12,60
56,69
63,122,20,17,19,12,78,34,70,118
78,34
102,23,80,32,116,131,107,91,93,112,65,43,86,99,82,39,83,34,62,31,138,59,12,81,36,98,33,20,127,108,100,128,45,125,51,140
57,25,26
69,85
69,122
46,77,68
69,60
15,109,110,90,29,51,62,74,38
110,34
74,43
77,69,60,22,55
83,90,29,51,62,74
119,121
90,38,29,51,74
15,87,74
130,120
15,50,87
57,102,110,38,36,90,43,15,82,109,83,88,29,51,62,74,31,101
77,22
25,12
86,12
29,101
19,78,118
84,77,60,22,55
63,25,26
109,51,62,74
51,62
91,74
138,33,31
2,4,111
83,110
100,42
106,139,46,68
78,33
82,102,23,80,81,36
56,46,68,26
63,15,25,26
127,56,68
77,68
59,98
53,68
34,84
2,3,4,111
53,78
84,106,77,68,55
106,77
67,94,61
69,84
20,19,12
139,55
53,55
93,32
132,130,124,126
15,62,42
51,87
53,85
20,12,34,70
39,34
23,74,43
15,109,83,110,90,29,51,62,74
129,135
20,23,74
2,10,4
2,3,9
78,70
69,60,68,55
91,23
139,46
2,3,10,8,4
2,3,4,111,13
86,102
75,99
91,62
91,36
107,93,32
46,68,55
115,133,130
39,74
82,86
27,136
27,100,39,42
109,110,74
46,55
141,22
107,93
77,84,122
139,46,68
29,39
100,82
60,84,22
84,77,69,60,22,55
23,80,136,43,91,15,107,62,81,42,20,100
53,77,84
109,39
20,12,1
127,53,56,68
121,120
15,50
124,121
122,84,22
130,119,124
86,33
64,43
131,107,128,32
131,128
20,74,43
141,68,55
110,62
43,33,31
65,78
82,86,80
130,119
65,19
132,121
20,62
139,141
2,3,4
2,8
50,51
53,46,68,55
19,33
39,51
109,110,39,74
119,121,126,120
102,80
39,87
31,138
56,141,68,55
80,81
55,69,60,84,22
77,122
123,119
109,83,110,90,29,51,62,74
129,115,133,137,130,124,135,142
131,112
56,46,141,68,55
46,141
98,140
106,56,139,46,141,68
23,43
69,77,84
20,66
106,84
46,60,84,55
84,55
46,77,84
109,74
69,84,22
82,86,80,81
53,46,77,84,55
130,119,121,126
141,68
93,59
69,77,84,22
12,78
34,1
46,69
61,62,74
23,80,36
100,64,48,42,43
106,141,68
15,10,51,87
10,95
20,86,19,12
69,77
82,36
10,4
91,136
130,121
106,26
121,135
12,74
78,60
69,60,84,122
67,12
70,15,23,59,12,66,34,32,74,43
46,60
15,90
60,68
90,31
106,69,55
106,69
106,139,141,68
53,46
56,46
60,68,55
22,95
91,109,90
106,139,68,55
10,111
86,80
102,39
80,136
90,51
8,34
106,46,68
12,8
91,75
139,68,55
67,61,74
15,67,23,12,74,43
50,87
2,12
141,84,68
12,70
20,86,12,34,70
15,67,23,12,34,74,70,43
129,115,134,133,130,124,135,142
86,70
86,12,70
77,141,68
129,133
131,61
84,122,60,68,55
84,60,68,55
10,48
59,12
131,8
129,115,133,130,135,142
133,126
94,61
56,77,141,68
135,142
53,56
53,46,85
56,141,55
92,39
56,85,141,68
56,68
106,56,141,68,55
46,60,55
106,56,141
106,139,68
28,48,42,43
56,77,68
24,12
129,142
67,19
80,36,136
135,126
81,36
130,142
34,43
106,139
129,115,133,130,126,135,142
112,98
131,112,61
130,98
108,140
27,138
106,53,68,55
66,72
15,67,20,19,12,34,74,43
48,42,43
83,39,62,74
27,95
2,3,12,8
39,62
56,139,46,77
106,85
56,141
10,138
69,122,84
28,42
106,53
46,84
53,141
27,138,95
106,60
106,53,139,46,68
106,139,46,68,55
46,69,85
106,139,85,68
106,141
53,68,55
46,77,85
57,74
106,56,139,141,68
85,141
138,95
27,84
85,55
56,46,85,141,68,55
139,85
53,56,55
106,139,46
69,68
53,69
27,53
