0,1
2,3,4,5,6,7,8
9,2,10,11,4,12,13,3,14,15
16,17
18,19,20
21,22,23,24,25
26,27
28,29,30,31
32,33,3,4,34,35,2
36,37
38,39
40,41
42,43
44,45
46,47,48,49,50
51,52
32,2,4,3
53,54,55
3,56,4,15,2,57,58
15,3,4,2,59,60
2,4,60,3,15,61,62
2,3,5,15,4,63,7
2,15,4,64,56,3
2,15,65,4,66,3
2,15,67,3,68,4
2,58,15,4,56,3
2,7,69,5,4,3
2,13,3,14,15,4,70
2,8,3,4,5,15,6,7
2,8,6,4,3
2,8,6,15,4,3
71,72
73,74,48,50,75,76,77
2,10,70,4,78,12,13,3,14,15
2,70,4,10,12,13,3,14,15
79,80
81,82,83,84,85
86,87,88,89,90,91,92,93,94,95,85,96,97,98,99
33,34,35
100,101,102,103
104,105,106,107,108,109,110,111,112,113,114,115,116,117,118,119
120,121,122
123,3,124,4,32,2
21,125,24,25,126
21,127,128,25,129,130,131,24,132
133,134
135,136
116,112
137,138
139,140,141,142,124,123
2,3,56,63,4,15,58,7
2,3,56,63,4,5,58,7
2,7,5,4,3
2,60,59,143,4,3,15
2,65,4,66,3
2,144,3,56,4,5,58,7
2,145,3,56,4,5,58,7
56,3,4,5,2,57,58,7
56,3,4,5,2,146,58,7
56,3,63,4,5,2,57,58,7
56,7,3,4,5,15,2,57,58
147,148
2,4,10,15,78,3,12
2,149,15,3,150,4
151,2,15,3,152,4
153,154
155,156
157,158
2,159,3,160,4
2,159,15,3,160,4
161,162,163
77,74
164,134,133
165,166
167,168
169,170,44,171,45
172,173
89,169,174
86,87,88,89,90,91,94,98,95,85,96,97,93
175,176,177,178,179,180,181,182,183,184,185,186
87,94,99,98,90,96,89,95,93,92,86
187,29,28
188,189
92,99,87,94,90,89
184,182,185
190,191
139,142
192,193
194,195,172,196,197,173
198,199,200,201,202
85,94,152,87,95,15,89,203,86,2,96,204,93,91,98,3,99,151,92,4,97,88,90
205,107,206,157,119,116,207,208,113,209,158,112
210,211
212,213
21,214,215,24,216
92,87,88,89,99,94,97,85,91,90
123,217,124,218
219,220,221,222,223
224,225,20,34
107,226,117,96,108,109,227,119,118,111,112,228,113,114,116
229,230
231,232,233,234
169,235,170,236,171
92,87,88,89,90,91,94,203,99,97,85,204
237,238,239
240,241,242,243
21,215,244,245,24
246,247
248,249,250,251,252
253,15,4,159,3,160,6,2
253,15,159,4,12,3,160,2
253,15,2,6,78,160,3,12,10,8,159,254,9,4
253,15,2,6,78,160,159,8,254,9,4,3
253,15,2,78,160,10,159,254,9,4,12,3
253,68,15,2,78,160,10,159,3,12,254,9,67,4
3,60,253,4,59,6,15,160,8,159,2
3,60,253,2,59,160,15,159,4
15,2,159,8,4,3,160,6
2,4,10,160,12,3,15,159
2,255,256,4,10,60,12,3,257,15
2,255,256,159,60,160,4,3,257,15
2,12,3,4,10,15,253,159
10,60,253,4,9,256,3,12,159,255,78,2,257,254,15
255,10,257,60,253,4,3,12,159,160,2,15,256
255,10,12,8,3,160,2,78,15,254,257,256,159,9,6,4,60
255,257,60,3,4,256,6,15,160,8,159,2
255,257,60,3,4,59,256,6,15,160,8,159,2
255,257,60,3,4,8,6,15,256,2,59
255,256,257,4,59,2,60,3,15
255,256,257,15,3,4,6,8,2,60
255,256,59,257,12,3,9,159,4,10,160,78,2,254,15,253,60
255,60,253,15,2,256,159,4,3,257,160
255,60,253,15,2,6,160,159,8,256,4,3,257
255,60,253,15,2,6,160,257,3,12,10,8,159,256,59,4
255,60,253,15,2,6,160,257,159,8,256,59,4,3
255,60,253,15,2,6,160,257,10,8,159,256,4,12,3
255,60,253,256,257,9,159,12,3,8,10,59,160,4,6,78,2,254,15
255,60,15,2,6,160,257,10,8,3,12,159,256,59,4
255,60,15,2,6,160,257,10,8,159,256,4,12,3
255,60,15,2,6,257,10,8,256,59,4,12,3
255,60,256,257,9,159,10,12,8,3,160,4,6,78,2,254,15,253
255,60,256,257,9,159,8,3,160,4,6,78,2,254,15,66,253,65
255,60,59,256,159,10,12,8,3,257,160,4,6,2,15,66,253,65
255,60,65,15,2,6,66,10,8,256,4,12,3,257
255,60,65,15,2,6,66,257,10,8,256,59,4,12,3
255,60,65,15,2,6,66,256,8,59,4,3,257
255,60,65,256,15,254,257,9,159,10,12,8,3,59,160,253,66,4,6,78,2
255,60,65,256,257,9,159,10,12,8,3,160,253,66,4,6,78,2,254,15
255,60,65,256,59,257,9,159,8,3,160,4,6,78,2,254,15,66,253
255,60,9,256,59,257,10,12,8,3,66,4,6,78,2,254,15,65
255,65,60,253,15,2,6,66,160,257,159,8,256,59,4,3
255,12,256,159,3,8,10,257,160,4,6,2,15,66,253,60,65
60,253,3,4,9,256,257,254,159,255,78,160,6,15,8,2
60,253,15,2,160,159,59,4,10,12,3
60,253,15,2,255,78,160,3,257,254,59,159,256,9,4
60,253,15,2,255,78,160,10,159,3,12,257,254,256,9,4
60,253,15,2,255,78,160,257,254,159,256,9,4,3
60,253,15,2,6,160,10,8,159,59,4,12,3
60,253,15,2,6,78,160,4,10,8,3,12,159,254,59,9
60,253,15,2,78,160,254,59,159,9,4,3
60,4,59,9,256,257,254,6,15,255,78,3,12,10,8,2
60,3,4,59,9,256,6,15,255,78,8,2,257,254
60,3,8,6,15,2,59,4
60,15,2,6,255,78,160,3,159,8,257,254,256,9,4
60,15,2,6,78,3,12,10,8,254,59,9,4
60,65,15,2,6,66,255,78,257,254,8,256,9,4,3
65,253,15,2,6,78,66,160,159,8,254,9,4,3
65,253,15,2,6,78,66,160,10,8,3,12,159,254,9,4
65,60,253,15,2,255,78,66,160,257,254,159,256,9,4,3
65,60,253,15,2,6,159,8,59,4,3,66,160
65,60,253,15,2,6,66,160,10,8,159,59,4,12,3
9,256,254,257,15,60,12,3,4,255,78,6,10,8,2
9,254,15,10,8,4,78,6,3,12,2
9,254,159,4,160,3,78,2,15
9,254,159,15,4,160,3,78,253,2
9,254,159,15,2,3,4,78,253,6,8
9,254,159,15,10,8,2,4,78,253,6,3,12
9,254,10,159,15,4,160,78,3,12,2
77,258,74
259,260,261
262,263
124,123,264,265
266,267
268,269,270,271,272,273,274
123,275,124,191
276,277
278,279,280,281,121,265
282,283,284
107,113,119
285,286,287
288,289
290,291,258
292,290,291,293
294,147,148,34
238,239
295,296
21,215,297,24,298
299,155
139,142,124,123
300,301,140,302,303,141
304,305
21,306,307,25,308,24,309,310
169,246,311,247
300,301,303,302
191,275
312,313
314,315,316,317
314,317
175,176,292,177,178,179,180,186,181,182,183,184,185,293
21,318,215,319,24
82,84,85,81,320,83
179,184,182,185
321,322,90,94,323,87,89
324,325,326,327
328,329,330
2,255,4,60,3,257,15,256
331,49,50,332,47,48
333,334,335,336
337,338,339,340
341,50,48,342
2,56,343,3,4,15,344,345,58
346,347
21,348,349,25,24
2,12,15,10,4,3
150,149,4,8,3,6,15,2
350,351
352,353,354,355
97,84,89,87
2,15,3,10,4,356
321,323,89
2,357,358,15,4,3
359,184,182,185
228,226,96,227
360,134
361,362,24,363,21,364
107,365,366
367,284,283,368
155,369
272,370
371,372,373,374
375,376
377,378
170,379,169,380,171
381,382
137,383,384
385,286
371,386,387,388,389,390
21,348,215,391,24,392
393,394
395,396
161,397,163,398,162
221,276,399,400,277,401
21,402,25,403,24,404,405
108,111,118,114
406,407
169,170,406,407,171
137,55,408,409
410,343,411
412,413
249,252,250
414,415,223
416,121
21,215,417,24,418
419,420
42,180,179,292,182,43,185,293,186,184
42,182,43,185,186,184,180,179
395,265,396
421,422
423,55
424,425
426,427
428,382
290,291
429,430
431,432
433,434,435
107,2,109,104,115,114,116,111,4,112,110,3,32,108,118,119,113,105,106,117
436,437,438,198,439
276,223,221,222,277,220,219
440,441
442,443
444,445
446,447,448
449,450
272,370,270
175,176,42,177,179,180,181,43,182,184,185,186
451,452
453,454,455,456,457
281,279
458,459,460
87,88,89,90,91,93,98,95,85,86,203,94,204,96,97
461,462
108,119,118,111,112,107,113,114,116
463,464
465,466
467,468
469,275,191
470,471,472,13,473
278,281,121,279
474,475
2,4,160,253,3,15,159
476,477
259,185,182,260,184,261,179
478,479
108,107,113,111,114,118,119
123,124,480,481,445
458,459
433,435
3,56,4,5,2,57,7
2,4,5,482,3,7,483
2,3,4,5,7,484,483
2,3,56,4,5,58,7
2,7,5,4,56,3
2,7,5,4,485,3
2,7,146,5,4,3
2,7,486,5,4,3
2,7,487,5,4,3
2,7,488,5,4,3
2,63,7,5,4,3
2,8,7,5,4,3
2,144,7,5,4,3
2,145,7,4,5
2,145,7,5,4,3
2,489,3,56,4,5,58,7
2,489,7,5,4,3
7,5,2,160,15,159,4,144,3
56,7,3,63,4,5,15,2,57,58
169,235,311,236
49,47
490,491,98,492
493,494,495,496
497,498,499
139,164,142
500,501
502,434,503,504,269,505,223,506
507,26
177,181,175,183,176,178
219,20,18,508,434,223
509,510
123,481,124,480
219,511,218,217,223
512,513,514
515,240,516,517,518
519,520,424
521,522
523,524
525,526
527,528
169,276,170,171,277
350,529
460,530
436,531,532,533
107,91,315,108,97,112,316,90,94,118,85,119,87,89,116,113,88
249,252,534
343,344,345
20,535,246
507,302,26
276,400,277
209,536,537
82,538,539
540,541
542,543
544,545
205,108,107,206,114,116,207,208,113,209,119,118,111,112
546,547
548,549
175,292,176,293,178,183,181,177
550,551,137,552
2,87,119,85,97,4,111,112,94,88,113,3,32,90,108,107,91,118,89,114,116
553,554
555,556
198,557,200
28,41,40,29
558,559
553,184,554,182,185
234,233
109,560,561,117
562,563
124,564,467,468,565,566,123
81,84,82,83,87,90,89,85,94
372,567,568
454,457,569
21,215,570,571,572,573,574,575,24
181,176
576,577
578,579,367
100,103
580,581
582,238
583,584
585,586
109,104,108,107,227,111,112,110,116,114,96,118,119,117,106,105,226,113,115,228
137,552
587,588,495,493
589,590,223,273,268
434,218,217,223,506
591,592
526,161,162,525,163
593,594,595
301,222,414,596,223,415,597
598,599
315,316
436,600,601,602
50,48
187,40,29,105,41,603,28
604,605
2,3,4,15,78,254,9
606,607,608,609,610,611,612
341,458,342,459,460
221,399,560,561,401
613,614
169,276,170,400,277,171
615,616,617
618,619,620
219,218,217,223
218,217
548,621,583
622,623
624,625
175,177,474,176,181,475
626,627
628,629
219,281,222,223,279
630,631
632,633
415,414,222
634,635,636
637,638
54,416,639,640
21,215,24,641,642
643,644
645,646
647,648
649,650,651
137,383,652
653,654
577,111,576,114
655,656,657
436,601,658,198
659,660
410,661
662,655
663,350
108,107,227,111,112,110,116,114,96,118,119,106,105,226,113,115,228,104
87,110,108,111,94,116,89,92,106,105,226,113,115,228,114,96,112,99,104,90,227,107,118,119
664,665,666,667,668,669,670
343,465,345,466,344
671,672
673,674
169,171,170
111,108,109,107,113,114,117,118,119
675,30,676,31,677,29,28
457,454,455
79,80,301,268,508
219,272,395,370,265
515,516
300,219,18,222,678
679,680
458,553,554,681
21,364,682,683,24,363
684,685,686,290,291,687
688,689
690,691
170,3,169,45,379,171,4,357,2,380,692,44,15
97,89,87
693,694
21,215,24,695,696
697,52,51,698
104,105,106,317,107,314,113,109,110,112,115,116,117,119
515,223,516
33,224,20,34,225,35
502,269,384,223,506,504,383,434,505,652,503,137
699,700
701,702
703,493,704,495
705,706
707,708
184,185,292,709,182
264,265
91,85,89,90,94,88,97,87
39,38,291,290
290,39,292,38,291,293
710,711
645,247,712,646,713
714,715
716,717
718,719
436,198,601,720
169,170,246,171,247
721,722
723,549,548
153,724,154
725,726
221,406,399,407,401
221,401,399
727,728,729
730,731
175,177,176,181
732,733
491,98,492
553,246,554,247
734,735,736,219
737,738
739,740
741,724,709,292
742,743
86,93,95,98,96
744,745,746
741,724
747,748
184,185,497,499,182,498
107,314,119,113,317
367,749,284
137,551,750
300,265,434,280,303,302,301
169,170,715,171,714
456,453,751
752,753,754,755
140,141,756
415,414
757,222,758
184,292,182,185,293
759,647
760,753,761,735,752,762,763,754,764,755,597,765,766
767,768,769
346,347,608,611
770,700
175,176,292,177,179,180,181,182,184,185,293,186
124,123
771,772,773
92,119,111,110,99,104,94,114,96,107,227,90,228,115,89,106,113,226,105,87
774,775
686,684,687,685
104,105,106,107,113,109,110,112,115,116,117,119
776,777,778,323,89
436,198,439,601,438
490,492,491
235,236
21,215,779,24,780
781,782,583,783,784
785,786
169,170,401,171,407,399,406,221
292,293
268,272,506
107,109,113,119,117
2,87,58,56,89,90,15,4,94,3
111,99,226,92,96,227,87,119,107,90,114,89,228,94,113
81,787,788,538
789,790
791,547
561,560
611,608
169,311
104,105,106,110,112,107,90,94,113,115,89,116,87,119
792,793
219,18,222,20
93,317,98,107,86,314,111,112,96,119,113,114,116,95
794,795
458,48,50,681
180,796,797
798,799
124,551,750,800,801,137,123
334,336
453,292,456,293
101,102
393,50,48,394
28,40,29,30,41,31
107,119,110,112,105,116,115,106,113,104
802,457
226,107,96,227,119,111,112,228,113,114,116
108,94,116,89,112,97,114,96,111,86,98,93,113,88,90,91,107,118,85,119,87,95
803,804
739,740,805
806,114
807,492,808,491,809,810,490
811,812,813
814,815
553,554,816,225,224,267,266,34,817
253,3,4,6,15,160,8,159,2
2,9,12,3,4,10,15,78,254
255,60,253,15,2,160,256,159,59,4,3,257
255,60,65,256,59,257,12,3,9,159,4,10,160,78,2,254,15,66,253
60,253,15,2,6,78,160,3,159,8,254,59,9,4
94,87,95,116,89,112,97,114,96,111,86,98,93,113,226,88,798,107,91,227,90,85,119,799
107,113,109,112,116,117,119
769,818
107,119,116,112,113
819,820,821
822,823
540,824
21,825,214,215,24,216
826,827
93,98,86,107,111,112,96,119,113,114,116,95
828,829,830
686,684,39,687,681,38,685,458
831,832
93,98,86,90,96,89,94,103,87,100,95
266,267,553,817,816,554
18,515,223,240,219,517,518,516
471,833,3,834,13,473
271,18,415,223,504,835,219,414,274,273,836,269,222,735
480,481
137,800,750,801,551
333,335
837,838,839
840,841
271,765,735,269,222,219,414,835,504,274,836,273,223,415,18
842,700
476,645,646,477
124,843,123,844
89,322,321,323
845,846
109,117
847,848
87,94,849,89,90,850
851,852
853,854,350,529
107,113,111,314,114,119,317
855,856
849,643,644,850
857,858
99,92,111,112,107,90,94,113,114,89,116,87,119
859,860
861,862
139,142,141,140
458,681
863,479,864
675,676,677
18,687,20,19,685,684,686
110,115,108,107,116,105,113,114,96,112,314,111,86,98,109,104,317,93,117,106,118,119,95
865,315
866,867
220,221
224,225,34
551,137,800
87,88,85,94,97,91,49,50,89,48,90,47
221,399,400,401
111,112,99,94,228,113,226,107,227,90,89,96,114,116,119,87,92
798,799,226,227
868,869,870
871,302
872,301,873,18
184,874,185,875,182
107,108,109,111,112,113,114,116,117,118,119
874,875
876,877
511,878,223,879
880,87,119,881,111,112,107,90,94,113,882,114,89,116
606,609,612,607,610
281,883
884,885
253,553,817,15,160,2,267,554,816,159,4,3,266
3,357,4,15,2,57,56,692,58
2,3,357,63,4,5,15,692,7
2,15,692,357,4,643,3,644
87,94,644,3,92,2,643,4,357,692,89,90,99,15
87,58,15,2,3,7,94,357,4,90,5,56,89,692,489
87,58,88,15,56,89,90,57,2,3,94,4,97,85,91
87,58,56,89,92,3,7,94,63,4,90,5,15,99,57,2
94,3,90,15,57,2,56,89,87,58,4
90,266,554,2,57,94,3,816,89,56,267,553,15,4,817,58,87
105,104,15,57,2,56,115,58,110,4,106,3
26,87,15,344,94,7,5,90,343,92,4,99,3,489,2,89,56,345,58
798,56,3,4,57,2,227,15,799,58,226
107,880,119,113,882,111,112,881,114,116
93,3,4,6,98,15,96,86,2,8,95
88,85,489,7,94,3,2,4,97,91,87,58,5,90,56,89
266,56,3,4,553,554,816,817,15,57,2,267,58
58,345,15,3,357,4,343,5,7,344,57,2,56,692
7,105,104,15,2,106,3,110,357,4,5,115,692,8,6
7,96,2,86,266,554,144,5,98,267,15,553,95,817,6,4,8,816,3,93
7,58,15,3,5,56,692,57,2,4,357
7,58,104,15,105,144,106,3,63,110,4,5,56,115,2,57
7,58,104,105,110,4,32,5,2,56,115,3,106
7,5,3,2,56,692,15,58,63,357,4
7,56,57,93,58,89,15,98,90,144,5,96,2,86,87,95,99,32,3,92,4,94
5,15,56,7,489,6,488,2,146,58,8,4,3
56,15,344,94,92,4,32,99,3,643,2,57,90,343,89,345,87,644,58
56,463,58,15,4,643,464,57,2,3,644
56,228,3,4,96,227,57,2,15,58,226
56,343,4,344,58,345,3,15,2,57
56,644,3,643,4,57,2,344,15,345,58,343,32
56,266,7,553,58,15,817,63,4,5,554,267,57,2,816,3
56,58,4,643,644,3,270,15,2,57
56,58,15,3,4,6,8,57,2
56,58,15,2,57,4,643,3,644
56,58,345,15,3,63,4,343,5,7,344,2,57
56,7,58,15,5,63,4,643,57,2,3,644
56,7,58,144,3,4,32,5,2,57,15
63,7,85,97,4,5,90,94,3,91,2,57,89,56,15,88,58,87
65,2,66,78,10,13,3,12,356,15,14,70,4,254,9
489,56,7,3,4,5,15,2,57,58
485,176,487,177,4,489,63,3,32,5,181,644,58,7,56,175,643,2,69
485,176,487,177,4,489,63,3,32,5,181,644,58,7,56,175,643,2,482,69,483
32,3,816,2,57,344,343,4,817,267,553,15,345,58,554,266,56
32,3,56,4,15,2,57,58
32,2,8,4,357,3,15,6,692
32,56,58,4,643,3,644,15,2,57
108,93,98,107,86,111,112,119,118,96,113,114,116,95
28,603,40,29,105,41
886,887,888,889
224,124,20,34,225,123
184,739,506,185,740,182
844,843
502,503,505
21,215,890,891,24
892,893,82
515,300,516,219
894,256,3,895
515,219,508,516
107,113,111,112,119,114,116
896,729,897,898
899,900
300,901,222,902,516,903,219
458,681,709,292
904,905,906,907,908
729,909
81,441,84,85,365,94,366,440,87,83,82,107,90,89
910,911,912
180,179,293,185,182,292,184,186
88,108,85,94,91,90,87,118,111,97,112,114,116,89
913,914
553,20,554,816,225,224,267,266,34,817
915,916,917,13
2,56,7,3,223,63,4,5,918,58
108,109,119,118,112,107,113,116,117
56,3,63,4,226,5,107,96,227,2,7,228,113,119,58
919,920
108,118
921,922
107,119,111,112,314,113,114,116,317
94,4,90,99,15,57,2,56,89,87,58,3,92
107,111,119,227,96,114,226,228,113
923,924
516,903
219,925,223,434,926,222
705,706,608,611
927,928
180,186
929,930
525,162,163,397,161,398,526
107,119,416,121,113
301,401,506,223,221,399,18
798,226,107,111,112,227,119,113,114,116,799
931,932,933,13,473,916,934,935
936,937
938,939
124,123,681,458
940,941
104,105,106,113,110,111,112,114,115,116,119,107
180,301,796,797
502,505,269,503,504
299,942
943,944
18,945,946
18,947,948
81,88,84,85,94,97,87,83,82,91,90,89
65,2,66,78,15,14,70,4,254,58,9,13,3
550,551,137
87,95,94,97,112,111,86,119,85,98,93,107,91,90,89,96,114,116,113,88
606,618,608,609,619,612,607,611,610
606,607,619,612,610,609,618
430,271,268,429,273
87,94,90,89
515,516,219
949,950
272,506,910,911,912,268
21,891,24,25,951
845,677,124,848,676,847,675,123,846
124,123,102,101
912,952,181
515,434,516
266,3,4,553,6,817,15,554,267,2,816,8
953,954
677,676,848,675,847
110,104,105,115,106
87,599,598,94,90,89
799,116,227,798,112,226
104,105,106,34,89,115,225,96,90,110,224,2,86,87,95,98,4,32,3,93,94,20
357,2,692,15,4,3
955,956
32,115,105,84,2,104,82,83,81,106,644,3,110,4,643,85
26,3,56,4,15,2,57,58
77,74,18
957,958
107,959,960,961
787,962
963,964
553,292,554,293
880,107,113,314,882,111,112,114,116,317,881,119
219,965,223,966
606,347,346,607,619,612,610,609,618
967,416,968,969,970
406,971,400
169,406,400,971,311
502,383,384,505,652,503,137
972,973
974,975,976
266,56,817,3,63,4,5,554,816,2,267,58,7,553
266,3,553,692,554,267,2,4,357,816,817,15
977,978
219,738,737
107,109,104,110,95,108,93,112,111,86,98,115,96,114,116,118,119,113,105,106,117
108,93,317,98,86,107,314,95,111,112,96,118,119,113,114,116
415,18,414,222
395,396,554,553
979,980
314,798,316,317,799,226,227,315
393,119,394,107,113
114,111,116,89,94,882,112,97,226,113,88,87,881,798,107,91,227,880,90,85,799,119
981,982
266,553,124,816,554,598,817,123,267,599
507,983,984
56,93,3,63,4,98,5,107,86,2,96,7,113,119,58,95
107,93,95,119,112,86,113,98,96,116
81,82,943,83,944
183,178
153,724
87,85,559,4,92,98,316,3,32,558,554,315,7,816,86,314,89,91,817,58,96,204,203,553,99,317,90,93,88,266,56,599,97,2,598,267,95,5,94
110,115,94,87,95,85,119,107,91,114,96,111,86,98,105,113,88,93,117,106,109,104,97,317,90,314,89
206,209,207,205,208
853,350,529,985,986,854
586,93,3,96,86,2,987,4,357,692,98,15,95
32,3,4,270,266,267,2
988,989
224,293,292,225,34
88,85,87,119,91,94,113,107,90,111,97,112,114,116,89
478,479,28,29,30,31
990,991
107,798,119,799,116,114,113,226,314,227,317,111,112
992,504,993,370,269,271,272,273,274
218,217,506
219,879,878,223,994,765
817,816
995,343
996,997
998,999,137
56,7,5,865,58,15,104,315,2,57,4,110,32,3,270,106,115,105
219,652,137,765,273,835,732,733,735,222,384,18,383,994
56,7,5,93,3,4,489,96,58,2,86,95,98
2,7,3,785,5,4,786,69
1000,157
88,85,109,87,119,117,91,94,113,111,97,389,114,89,107,90
98,124,96,95,93,86,123
266,554,816,817,381,553,267,382
86,111,93,119,98,107,95,96,114,113
489,56,3,63,4,5,2,57,58,7
123,114,124,806
1001,829,1002,551
1003,1004
880,882,881
2,159,15,3,4,253
1005,1006
140,141
227,226
1007,1008
1009,1010
1011,1012,256,3,895
516,222,1013,434
1014,1015
28,40,29,187,41
94,107,91,116,314,89,112,97,114,96,111,86,98,113,88,93,317,90,85,119,87,95
38,184,359,39,182,185
85,97,4,5,90,94,7,32,3,489,2,91,89,56,88,58,87
1016,735,1017
453,802,456,457
1018,1019
54,1020,1021
88,108,85,91,94,113,111,97,107,90,87,119,118,114,89
108,107,91,111,97,112,94,118,85,119,87,89,114,116,90,113,88
92,89,90,94,87,99,97
219,737,611,608,738
1022,1023
2,7,3,357,4,5,15,56,692,58
300,137,733,652,383,732,384,1024
86,92,97,96,204,94,99,98,203,1019,85,1018,91,93,90,89,88,95,87
458,553,292,709,681,554
219,1025,222,1026
992,803,434,268,506,804
266,1027
18,219,1028,1029
735,222,994,765,835,18,219
50,246,48,247
918,223
735,219,999,137,998,1030
735,223,590,711,710,589,219
111,114
1031,1032
781,783,456,784,583,453,782
1033,1034,1035
737,611,738,608
1036,1037
1005,1038,1006
7,489,5,3,57,2,56,692,15,58,63,357,4
1039,1040
194,172,173,1041
86,92,96,94,83,95,87,98,82,81,97,85,93,91,99,84,90,89,88
32,2,224,225,4,34,20,3
396,395,247,246
1042,1043
1044,1045
580,334,581,336
853,854
1046,1047
1048,1049
849,850
987,586
221,276,399,401,277
18,301,415,223,835,597,765,596,994,219,414,222,735
705,738,737,706
204,203
18,219,414,994,735,222,765,835,415
107,227,96,119,226,228,113
516,1050,222
684,686,553,685,554,687
701,702,18
107,1051,1052
219,218,300,217,223
453,456
224,686,34,687,20,225,685,684
1053,1054
21,215,575,570,319,318,24,571,572,573,574
548,18,621,583
744,745,82,746
107,440,366,365,441
1055,1056
798,93,226,98,107,86,95,119,96,227,111,112,113,114,116,799
139,123,141,140,124,142,756
139,142,140,141,756
294,34
124,123,468,467
90,107,91,111,112,94,89,114,116,117,85,119,87,113,88,97,109
1057,783,553,817,816,554
1058,1059
87,345,94,5,817,4,58,57,2,90,343,344,7,56,89,554,266,3,816,553,267,15
179,180,184,186,182,185
21,571,573,575,215,24,570
404,24,132,403,131,130,21,402,129,25,128,405,127
1060,1061
1017,1016
1062,406,1063,407
1064,1065
1066,1067,495,493
1068,1069
175,177,292,181,293,176
111,109,114,117
1070,1071
553,292,709,554
458,681,293,292
797,223,796,736,511,180,219
108,317,107,111,112,113,114,116,118,119,314
137,552,1072,423,1073,55
1074,1075
735,219,590,18,589
1076,1077,495,1078
1079,1080
1081,1082
844,50,843,48
87,56,7,88,57,15,5,91,89,314,97,2,58,4,92,99,3,94,90,317,85
1083,1084
87,56,7,97,4,357,89,5,90,94,3,85,2,692,57,91,15,88,58
735,516,268,274,1050,222
1085,493,495,1086
558,34,20,559,3,4,224,2,119,225,113,107,32
703,704
107,871,366,302,365
493,1087,1088,495
1089,1090,1091
540,611,608,541
516,1050
1092,1093
735,878,879,222,1030
1094,1095
56,670,3,4,664,669,666,57,665,2,667,15,58,668
77,179,184,370,927,928,185,272,182,74
184,182,77,292,185,293,709,74
107,104,95,108,93,106,112,110,111,86,98,115,96,114,116,118,119,113,105
107,1096,1097
1098,1099
56,26,847,677,159,3,4,675,160,848,2,845,123,57,676,15,124,846,58
1100,1101
337,340
271,515,1102,1103,993,268,765,994,273,516,269,735
606,705,618,607,706,619,612,610,609
1104,924,219
292,709
1105,1106
735,219,1030,994,765
1042,1043,495,1107,1077,1076,493
1108,1109,1110
1111,1112
40,603,105,41
331,332
224,20,34,225,184,359,182,185
81,266,85,598,553,554,816,83,84,599,817,82,267
406,246,407,247
1024,300,733,732
219,735,999,998,994,1113,1030,765,137
1114,1115
122,120,467,121,468
1116,1117
515,18,223,301,516
859,860,315,316,115,106,105,104,110
1064,331,332,1065
1118,504,1119
224,34,225,184,359,182,185
1120,1121
34,1122,1123,35,912,33,1124
2,56,3,4,107,5,119,58,113,7
180,179,739,182,740,185,506,186,184
967,969,968
1125,1126,1127,1128
137,384,383,652
219,271,269,222,993,301,925,223,434,926,273,504
219,919,223,920
428,1005,1038,1006,382
47,48,49,50
1129,181,911,912,1130,176
1029,1028
175,177
967,1131,968,969,1132
544,1133
1122,1124,1123,912
87,95,881,97,111,86,98,119,85,93,107,91,94,882,880,90,89,96,114,113,88
1134,1135
1136,493,1137,495
1094,493,1077,1076,495,1095
561,1138,560,1139
235,928,236
516,1013,504
270,644,643
735,698,697
1140,1141
1138,1139
566,564,565
1142,1143
1094,626,1095,627
21,215,1144,891,24
587,588
87,90,740,89,506,94,739
1145,1146,1147
137,552,55,423
519,424,423,520,55
740,739,506
2,32,270,4,3
169,380,379
1118,624,625,504,1119
123,844,50,48,124,843
1148,415,223,268,414
